pais;provincia;departamento;año;modelo;actividad;margen_bruto_($/ha);resultado_neto_($/ha);ingreso_neto_($/ha);gastos_directos_($/ha);costos_indirectos_($/ha);eficiencia_stock_(%);producción_(kg/ha);destete_(%);carga_(kg/ha);;;
Argentina;Buenos Aires;Bolivar;2018;buenos aires centro-sudoeste;ciclo completo;1766;-31;3497;1730;1797;35;117;69;336;;;
Argentina;Buenos Aires;Daireaux;2018;buenos aires centro-sudoeste;ciclo completo;1766;-31;3497;1730;1797;35;117;69;336;;;
Argentina;Buenos Aires;Coronel Suarez;2018;buenos aires centro-sudoeste;ciclo completo;1766;-31;3497;1730;1797;35;117;69;336;;;
Argentina;Cordoba;General San Martin;2018;centro cordoba sur;ciclo completo;2045;136;4589;2544;1909;36;157;65;436;;;
Argentina;Cordoba;Juarez Celman;2018;centro cordoba sur;ciclo completo;2045;136;4589;2544;1909;36;157;65;436;;;
Argentina;Cordoba;Marcos Juarez;2018;centro cordoba sur;ciclo completo;2045;136;4589;2544;1909;36;157;65;436;;;
Argentina;Cordoba;Presidente Roque Saenz Peña;2018;centro cordoba sur;ciclo completo;2045;136;4589;2544;1909;36;157;65;436;;;
Argentina;Cordoba;Rio Primero;2018;centro cordoba sur;ciclo completo;2045;136;4589;2544;1909;36;157;65;436;;;
Argentina;Cordoba;Rio Segundo;2018;centro cordoba sur;ciclo completo;2045;136;4589;2544;1909;36;157;65;436;;;
Argentina;Cordoba;San Justo;2018;centro cordoba sur;ciclo completo;2045;136;4589;2544;1909;36;157;65;436;;;
Argentina;Cordoba;Tercero Arriba;2018;centro cordoba sur;ciclo completo;2045;136;4589;2544;1909;36;157;65;436;;;
Argentina;Cordoba;Union;2018;centro cordoba sur;ciclo completo;2045;136;4589;2544;1909;36;157;65;436;;;
Argentina;Chaco;9 De Julio;2018;chaco humedo;ciclo completo;541;5;1223;682;536;24;46;60;195;;;
Argentina;Chaco;Chacabuco;2018;chaco humedo;ciclo completo;541;5;1223;682;536;24;46;60;195;;;
Argentina;Chaco;General Belgrano;2018;chaco humedo;ciclo completo;541;5;1223;682;536;24;46;60;195;;;
Argentina;Chaco;Presidencia De La Plaza;2018;chaco humedo;ciclo completo;541;5;1223;682;536;24;46;60;195;;;
Argentina;Chaco;San Fernando;2018;chaco humedo;ciclo completo;541;5;1223;682;536;24;46;60;195;;;
Argentina;Chaco;Sargento Cabral;2018;chaco humedo;ciclo completo;541;5;1223;682;536;24;46;60;195;;;
Argentina;Chaco;Tapenaga;2018;chaco humedo;ciclo completo;541;5;1223;682;536;24;46;60;195;;;
Argentina;Chaco;1 De Mayo;2018;chaco-formosa este;cria;608;127;823;215;482;23;28;60;122;;;
Argentina;Chaco;12 De Octubre;2018;chaco-formosa este;cria;608;127;823;215;482;23;28;60;122;;;
Argentina;Chaco;2 De Abril;2018;chaco-formosa este;cria;608;127;823;215;482;23;28;60;122;;;
Argentina;Chaco;25 De Mayo;2018;chaco-formosa este;cria;608;127;823;215;482;23;28;60;122;;;
Argentina;Chaco;Bermejo;2018;chaco-formosa este;cria;608;127;823;215;482;23;28;60;122;;;
Argentina;Chaco;Comandante Fernandez;2018;chaco-formosa este;cria;608;127;823;215;482;23;28;60;122;;;
Argentina;Chaco;Fray Justo Santa Maria De Oro;2018;chaco-formosa este;cria;608;127;823;215;482;23;28;60;122;;;
Argentina;Chaco;General Donovan;2018;chaco-formosa este;cria;608;127;823;215;482;23;28;60;122;;;
Argentina;Chaco;Independencia;2018;chaco-formosa este;cria;608;127;823;215;482;23;28;60;122;;;
Argentina;Chaco;Libertad;2018;chaco-formosa este;cria;608;127;823;215;482;23;28;60;122;;;
Argentina;Chaco;Libertador General San Martin;2018;chaco-formosa este;cria;608;127;823;215;482;23;28;60;122;;;
Argentina;Chaco;Maipu;2018;chaco-formosa este;cria;608;127;823;215;482;23;28;60;122;;;
Argentina;Chaco;Mayor Luis J Fontana;2018;chaco-formosa este;cria;608;127;823;215;482;23;28;60;122;;;
Argentina;Chaco;O'Higgins;2018;chaco-formosa este;cria;608;127;823;215;482;23;28;60;122;;;
Argentina;Chaco;Quitilipi;2018;chaco-formosa este;cria;608;127;823;215;482;23;28;60;122;;;
Argentina;Chaco;San Lorenzo;2018;chaco-formosa este;cria;608;127;823;215;482;23;28;60;122;;;
Argentina;Formosa;Formosa;2018;chaco-formosa este;cria;608;127;823;215;482;23;28;60;122;;;
Argentina;Formosa;Laishi;2018;chaco-formosa este;cria;608;127;823;215;482;23;28;60;122;;;
Argentina;Formosa;Pilagas;2018;chaco-formosa este;cria;608;127;823;215;482;23;28;60;122;;;
Argentina;Formosa;Pilcomayo;2018;chaco-formosa este;cria;608;127;823;215;482;23;28;60;122;;;
Argentina;Formosa;Pirane;2018;chaco-formosa este;cria;608;127;823;215;482;23;28;60;122;;;
Argentina;Chaco;Almirante Brown;2018;chaco-formosa oeste;cria;391;39;560;169;352;22;19;60;85;;;
Argentina;Chaco;General Guemes;2018;chaco-formosa oeste;cria;391;39;560;169;352;22;19;60;85;;;
Argentina;Formosa;Bermejo;2018;chaco-formosa oeste;cria;391;39;560;169;352;22;19;60;85;;;
Argentina;Formosa;Patiño;2018;chaco-formosa oeste;cria;391;39;560;169;352;22;19;60;85;;;
Argentina;Formosa;Ramon Lista;2018;chaco-formosa oeste;cria;391;39;560;169;352;22;19;60;85;;;
Argentina;Cordoba;Calamuchita;2018;cordoba norte;cria;673;116;880;207;557;29;30;65;103;;;
Argentina;Cordoba;Capital;2018;cordoba norte;cria;673;116;880;207;557;29;30;65;103;;;
Argentina;Cordoba;Colon;2018;cordoba norte;cria;673;116;880;207;557;29;30;65;103;;;
Argentina;Cordoba;Cruz Del Eje;2018;cordoba norte;cria;673;116;880;207;557;29;30;65;103;;;
Argentina;Cordoba;Ischilin;2018;cordoba norte;cria;673;116;880;207;557;29;30;65;103;;;
Argentina;Cordoba;Minas;2018;cordoba norte;cria;673;116;880;207;557;29;30;65;103;;;
Argentina;Cordoba;Pocho;2018;cordoba norte;cria;673;116;880;207;557;29;30;65;103;;;
Argentina;Cordoba;Punilla;2018;cordoba norte;cria;673;116;880;207;557;29;30;65;103;;;
Argentina;Cordoba;Rio Seco;2018;cordoba norte;cria;673;116;880;207;557;29;30;65;103;;;
Argentina;Cordoba;San Alberto;2018;cordoba norte;cria;673;116;880;207;557;29;30;65;103;;;
Argentina;Cordoba;San Javier;2018;cordoba norte;cria;673;116;880;207;557;29;30;65;103;;;
Argentina;Cordoba;Santa Maria;2018;cordoba norte;cria;673;116;880;207;557;29;30;65;103;;;
Argentina;Cordoba;Sobremonte;2018;cordoba norte;cria;673;116;880;207;557;29;30;65;103;;;
Argentina;Cordoba;Totoral;2018;cordoba norte;cria;673;116;880;207;557;29;30;65;103;;;
Argentina;Cordoba;Tulumba;2018;cordoba norte;cria;673;116;880;207;557;29;30;65;103;;;
Argentina;Corrientes;Bella Vista;2018;corrientes noroeste;cria;785;288;1191;406;497;21;43;60;205;;;
Argentina;Corrientes;Capital;2018;corrientes noroeste;cria;785;288;1191;406;497;21;43;60;205;;;
Argentina;Corrientes;Concepcion;2018;corrientes noroeste;cria;785;288;1191;406;497;21;43;60;205;;;
Argentina;Corrientes;Empedrado;2018;corrientes noroeste;cria;785;288;1191;406;497;21;43;60;205;;;
Argentina;Corrientes;General Paz;2018;corrientes noroeste;cria;785;288;1191;406;497;21;43;60;205;;;
Argentina;Corrientes;Goya;2018;corrientes noroeste;cria;785;288;1191;406;497;21;43;60;205;;;
Argentina;Corrientes;Ituzaingo;2018;corrientes noroeste;cria;785;288;1191;406;497;21;43;60;205;;;
Argentina;Corrientes;Monte Caseros;2018;corrientes centro sur;cria;1476;1153;1885;409;323;29;63;67;215;;;
Argentina;Corrientes;Paso De Los Libres;2018;corrientes nor-este;ciclo completo;484;249;798;314;235;20;29;50;144;;;
Argentina;Corrientes;Saladas;2018;corrientes noroeste;cria;785;288;1191;406;497;21;43;60;205;;;
Argentina;Corrientes;San Luis Del Palmar;2018;corrientes noroeste;cria;785;288;1191;406;497;21;43;60;205;;;
Argentina;Corrientes;San Miguel;2018;corrientes noroeste;cria;785;288;1191;406;497;21;43;60;205;;;
Argentina;Corrientes;San Roque;2018;corrientes noroeste;cria;785;288;1191;406;497;21;43;60;205;;;
Argentina;Santa Fe;General Obligado;2018;corrientes noroeste;cria;785;288;1191;406;497;21;43;60;205;;;
Argentina;Buenos Aires;25 De Mayo;2018;cuenca del salado;cria;2425;1095;2849;424;1330;31;92;72;293;;;
Argentina;Buenos Aires;Adolfo Gonzales Chaves;2018;cuenca del salado;cria;2425;1095;2849;424;1330;31;92;72;293;;;
Argentina;Buenos Aires;Ayacucho;2018;cuenca del salado;cria;2425;1095;2849;424;1330;31;92;72;293;;;
Argentina;Buenos Aires;Azul;2018;cuenca del salado;cria;2425;1095;2849;424;1330;31;92;72;293;;;
Argentina;Buenos Aires;Brandsen;2018;cuenca del salado;cria;2425;1095;2849;424;1330;31;92;72;293;;;
Argentina;Buenos Aires;Cañuelas;2018;cuenca del salado;cria;2425;1095;2849;424;1330;31;92;72;293;;;
Argentina;Buenos Aires;Castelli;2018;cuenca del salado;cria;2425;1095;2849;424;1330;31;92;72;293;;;
Argentina;Buenos Aires;Chascomus;2018;cuenca del salado;cria;2425;1095;2849;424;1330;31;92;72;293;;;
Argentina;Buenos Aires;Dolores;2018;cuenca del salado;cria;2425;1095;2849;424;1330;31;92;72;293;;;
Argentina;Buenos Aires;General Alvear;2018;cuenca del salado;cria;2425;1095;2849;424;1330;31;92;72;293;;;
Argentina;Buenos Aires;General Belgrano;2018;cuenca del salado;cria;2425;1095;2849;424;1330;31;92;72;293;;;
Argentina;Buenos Aires;General Guido;2018;cuenca del salado;cria;2425;1095;2849;424;1330;31;92;72;293;;;
Argentina;Buenos Aires;General Lamadrid;2018;cuenca del salado;cria;2425;1095;2849;424;1330;31;92;72;293;;;
Argentina;Buenos Aires;General Las Heras;2018;cuenca del salado;cria;2425;1095;2849;424;1330;31;92;72;293;;;
Argentina;Buenos Aires;General Lavalle;2018;cuenca del salado;cria;2425;1095;2849;424;1330;31;92;72;293;;;
Argentina;Buenos Aires;General Juan Madariaga;2018;cuenca del salado;cria;2425;1095;2849;424;1330;31;92;72;293;;;
Argentina;Buenos Aires;General Paz;2018;cuenca del salado;cria;2425;1095;2849;424;1330;31;92;72;293;;;
Argentina;Buenos Aires;La Plata;2018;cuenca del salado;cria;2425;1095;2849;424;1330;31;92;72;293;;;
Argentina;Buenos Aires;Laprida;2018;cuenca del salado;cria;2425;1095;2849;424;1330;31;92;72;293;;;
Argentina;Buenos Aires;Las Flores;2018;cuenca del salado;cria;2425;1095;2849;424;1330;31;92;72;293;;;
Argentina;Buenos Aires;Lobos;2018;cuenca del salado;cria;2425;1095;2849;424;1330;31;92;72;293;;;
Argentina;Buenos Aires;Magdalena;2018;cuenca del salado;cria;2425;1095;2849;424;1330;31;92;72;293;;;
Argentina;Buenos Aires;Maipu;2018;cuenca del salado;cria;2425;1095;2849;424;1330;31;92;72;293;;;
Argentina;Buenos Aires;Mar Chiquita;2018;cuenca del salado;cria;2425;1095;2849;424;1330;31;92;72;293;;;
Argentina;Buenos Aires;Marcos Paz;2018;cuenca del salado;cria;2425;1095;2849;424;1330;31;92;72;293;;;
Argentina;Buenos Aires;Monte;2018;cuenca del salado;cria;2425;1095;2849;424;1330;31;92;72;293;;;
Argentina;Buenos Aires;Navarro;2018;cuenca del salado;cria;2425;1095;2849;424;1330;31;92;72;293;;;
Argentina;Buenos Aires;Olavarria;2018;cuenca del salado;cria;2425;1095;2849;424;1330;31;92;72;293;;;
Argentina;Buenos Aires;Pila;2018;cuenca del salado;cria;2425;1095;2849;424;1330;31;92;72;293;;;
Argentina;Buenos Aires;Punta Indio;2018;cuenca del salado;cria;2425;1095;2849;424;1330;31;92;72;293;;;
Argentina;Buenos Aires;Rauch;2018;cuenca del salado;cria;2425;1095;2849;424;1330;31;92;72;293;;;
Argentina;Buenos Aires;Roque Perez;2018;cuenca del salado;cria;2425;1095;2849;424;1330;31;92;72;293;;;
Argentina;Buenos Aires;Saladillo;2018;cuenca del salado;cria;2425;1095;2849;424;1330;31;92;72;293;;;
Argentina;Buenos Aires;San Vicente;2018;cuenca del salado;cria;2425;1095;2849;424;1330;31;92;72;293;;;
Argentina;Buenos Aires;Tapalque;2018;cuenca del salado;cria;2425;1095;2849;424;1330;31;92;72;293;;;
Argentina;Buenos Aires;Tordillo;2018;cuenca del salado;cria;2425;1095;2849;424;1330;31;92;72;293;;;
Argentina;Entre Rios;Concordia;2018;entre rios norte;cria;1429;661;1948;519;768;30;70;67;231;;;
Argentina;Entre Rios;Federacion;2018;entre rios norte;cria;1429;661;1948;519;768;30;70;67;231;;;
Argentina;Entre Rios;Federal;2018;entre rios norte;cria;1429;661;1948;519;768;30;70;67;231;;;
Argentina;Entre Rios;Feliciano;2018;entre rios norte;cria;1429;661;1948;519;768;30;70;67;231;;;
Argentina;Entre Rios;La Paz;2018;entre rios norte;cria;1429;661;1948;519;768;30;70;67;231;;;
Argentina;Entre Rios;Colon;2018;entre rios sw;invernada;1429;-1025;5852;4424;2454;59;284;-99999;482;;;
Argentina;Entre Rios;Diamante;2018;entre rios sw;invernada;1429;-1025;5852;4424;2454;59;284;-99999;482;;;
Argentina;Entre Rios;Gualeguay;2018;entre rios sw;invernada;1429;-1025;5852;4424;2454;59;284;-99999;482;;;
Argentina;Entre Rios;Gualeguaychu;2018;entre rios sw;invernada;1429;-1025;5852;4424;2454;59;284;-99999;482;;;
Argentina;Entre Rios;Nogoya;2018;entre rios sw;invernada;1429;-1025;5852;4424;2454;59;284;-99999;482;;;
Argentina;Entre Rios;Parana;2018;entre rios sw;invernada;1429;-1025;5852;4424;2454;59;284;-99999;482;;;
Argentina;Entre Rios;San Salvador;2018;entre rios sw;invernada;1429;-1025;5852;4424;2454;59;284;-99999;482;;;
Argentina;Entre Rios;Tala;2018;entre rios sw;invernada;1429;-1025;5852;4424;2454;59;284;-99999;482;;;
Argentina;Entre Rios;Uruguay;2018;entre rios sw;invernada;1429;-1025;5852;4424;2454;59;284;-99999;482;;;
Argentina;Entre Rios;Victoria;2018;entre rios sw;invernada;1429;-1025;5852;4424;2454;59;284;-99999;482;;;
Argentina;Entre Rios;Villaguay;2018;entre rios sw;invernada;1429;-1025;5852;4424;2454;59;284;-99999;482;;;
Argentina;Entre Rios;Islas Del Ibicuy;2018;islas de entre rios 1;invernada;532;135;1157;625;397;39;51;-99999;132;;;
Argentina;La Pampa;Caleu Caleu;2018;la pampa-san luis arida;cria;335;170;488;152;165;29;17;65;59;;;
Argentina;La Pampa;Chalileo;2018;la pampa-san luis arida;cria;335;170;488;152;165;29;17;65;59;;;
Argentina;La Pampa;Curaco;2018;la pampa-san luis arida;cria;335;170;488;152;165;29;17;65;59;;;
Argentina;La Pampa;Hucal;2018;la pampa-san luis arida;cria;335;170;488;152;165;29;17;65;59;;;
Argentina;La Pampa;Lihuel Calel;2018;la pampa-san luis arida;cria;335;170;488;152;165;29;17;65;59;;;
Argentina;La Pampa;Limay Mahuida;2018;la pampa-san luis arida;cria;335;170;488;152;165;29;17;65;59;;;7
Argentina;La Pampa;Utracan;2018;la pampa-san luis arida;cria;335;170;488;152;165;29;17;65;59;;;14
Argentina;San Luis;Ayacucho;2018;la pampa-san luis arida;cria;335;170;488;152;165;29;17;65;59;;;
Argentina;San Luis;Belgrano;2018;la pampa-san luis arida;cria;335;170;488;152;165;29;17;65;59;;;
Argentina;San Luis;Junin;2018;la pampa-san luis arida;cria;335;170;488;152;165;29;17;65;59;;;
Argentina;San Luis;Libertador General San Martin;2018;la pampa-san luis arida;cria;335;170;488;152;165;29;17;65;59;;;
Argentina;La Pampa;Guatrache;2018;la pampa-san luis semiarida;cria;661;388;1019;358;273;31;34;70;109;;;49
Argentina;La Pampa;Loventue;2018;la pampa-san luis semiarida;cria;661;388;1019;358;273;31;34;70;109;;;63
Argentina;La Pampa;Toay;2018;la pampa-san luis semiarida;cria;661;388;1019;358;273;31;34;70;109;;;35
Argentina;San Luis;Chacabuco;2018;la pampa-san luis semiarida;cria;661;388;1019;358;273;31;34;70;109;;;21
Argentina;San Luis;Coronel Pringles;2018;la pampa-san luis semiarida;cria;661;388;1019;358;273;31;34;70;109;;;28
Argentina;San Luis;La Capital;2018;la pampa-san luis semiarida;cria;661;388;1019;358;273;31;34;70;109;;;56
Argentina;Buenos Aires;Adolfo Alsina;2018;pampeana subhumeda;ciclo completo;1210;709;1936;726;500;35;65;75;186;;;42
Argentina;Buenos Aires;Carlos Tejedor;2018;pampeana subhumeda;ciclo completo;1210;709;1936;726;500;35;65;75;186;;;84
Argentina;Buenos Aires;General Villegas;2018;pampeana subhumeda;ciclo completo;1210;709;1936;726;500;35;65;75;186;;;126
Argentina;Buenos Aires;Guamini;2018;pampeana subhumeda;ciclo completo;1210;709;1936;726;500;35;65;75;186;;;140
Argentina;Buenos Aires;Pellegrini;2018;pampeana subhumeda;invernada;2293;-230;5956;3663;2522;53;260;-99999;492;;;154
Argentina;Buenos Aires;Rivadavia;2018;pampeana subhumeda;invernada;2293;-230;5956;3663;2522;53;260;-99999;492;;;
Argentina;Buenos Aires;Salliquelo;2018;pampeana subhumeda;invernada;2293;-230;5956;3663;2522;53;260;-99999;492;;;
Argentina;Buenos Aires;Trenque Lauquen;2018;pampeana subhumeda;ciclo completo;1210;709;1936;726;500;35;65;75;186;;;
Argentina;Buenos Aires;Tres Lomas;2018;pampeana subhumeda;invernada;2293;-230;5956;3663;2522;53;260;-99999;492;;;
Argentina;Cordoba;General Roca;2018;pampeana subhumeda;invernada;2293;-230;5956;3663;2522;53;260;-99999;492;;;119
Argentina;Cordoba;Rio Cuarto;2018;pampeana subhumeda;ciclo completo;1210;709;1936;726;500;35;65;75;186;;;
Argentina;La Pampa;Atreuco;2018;pampeana subhumeda;ciclo completo;1210;709;1936;726;500;35;65;75;186;;;70
Argentina;La Pampa;Capital;2018;pampeana subhumeda;ciclo completo;1210;709;1936;726;500;35;65;75;186;;;77
Argentina;La Pampa;Catrilo;2018;pampeana subhumeda;invernada;2293;-230;5956;3663;2522;53;260;-99999;492;;;91
Argentina;La Pampa;Chapaleufu;2018;pampeana subhumeda;invernada;2293;-230;5956;3663;2522;53;260;-99999;492;;;98
Argentina;La Pampa;Conhelo;2018;pampeana subhumeda;invernada;2293;-230;5956;3663;2522;53;260;-99999;492;;;105
Argentina;La Pampa;Maraco;2018;pampeana subhumeda;invernada;2293;-230;5956;3663;2522;53;260;-99999;492;;;147
Argentina;La Pampa;Quemu Quemu;2018;pampeana subhumeda;invernada;2293;-230;5956;3663;2522;53;260;-99999;492;;;
Argentina;La Pampa;Rancul;2018;pampeana subhumeda;invernada;2293;-230;5956;3663;2522;53;260;-99999;492;;;
Argentina;La Pampa;Realico;2018;pampeana subhumeda;invernada;2293;-230;5956;3663;2522;53;260;-99999;492;;;
Argentina;La Pampa;Trenel;2018;pampeana subhumeda;invernada;2293;-230;5956;3663;2522;53;260;-99999;492;;;
Argentina;San Luis;General Pedernera;2018;pampeana subhumeda;ciclo completo;1210;709;1936;726;500;35;65;75;186;;;112
Argentina;San Luis;Gobernador Dupuy;2018;pampeana subhumeda;ciclo completo;1210;709;1936;726;500;35;65;75;186;;;133
Argentina;Salta;Cachi;2018;salta;cria;319;11;493;173;308;24;17;55;71;;;
Argentina;Salta;Cafayate;2018;salta;cria;319;11;493;173;308;24;17;55;71;;;
Argentina;Salta;Capital;2018;salta;cria;319;11;493;173;308;24;17;55;71;;;
Argentina;Salta;Cerrillos;2018;salta;cria;319;11;493;173;308;24;17;55;71;;;
Argentina;Salta;General Guemes;2018;salta;cria;319;11;493;173;308;24;17;55;71;;;
Argentina;Salta;General Jose De San Martin;2018;salta;cria;319;11;493;173;308;24;17;55;71;;;
Argentina;Salta;Guachipas;2018;salta;cria;319;11;493;173;308;24;17;55;71;;;
Argentina;Salta;La Caldera;2018;salta;cria;319;11;493;173;308;24;17;55;71;;;
Argentina;Salta;La Candelaria;2018;salta;cria;319;11;493;173;308;24;17;55;71;;;
Argentina;Salta;La Poma;2018;salta;cria;319;11;493;173;308;24;17;55;71;;;
Argentina;Salta;La Viña;2018;salta;cria;319;11;493;173;308;24;17;55;71;;;
Argentina;Salta;Rosario De La Frontera;2018;salta;cria;319;11;493;173;308;24;17;55;71;;;77
Argentina;Santa Fe;Belgrano;2018;santa fe centro;invernada;1731;352;3048;1317;1379;39;125;-99999;322;;;7
Argentina;Santa Fe;Castellanos;2018;santa fe centro;invernada;1731;352;3048;1317;1379;39;125;-99999;322;;;14
Argentina;Santa Fe;Iriondo;2018;santa fe centro;invernada;1731;352;3048;1317;1379;39;125;-99999;322;;;21
Argentina;Santa Fe;La Capital;2018;santa fe centro;invernada;1731;352;3048;1317;1379;39;125;-99999;322;;;28
Argentina;Santa Fe;Las Colonias;2018;santa fe centro;invernada;1731;352;3048;1317;1379;39;125;-99999;322;;;35
Argentina;Santa Fe;Rosario;2018;santa fe centro;invernada;1731;352;3048;1317;1379;39;125;-99999;322;;;49
Argentina;Santa Fe;San Cristobal;2018;santa fe centro;invernada;1731;352;3048;1317;1379;39;125;-99999;322;;;56
Argentina;Santa Fe;San Jeronimo;2018;santa fe centro;invernada;1731;352;3048;1317;1379;39;125;-99999;322;;;63
Argentina;Santa Fe;San Lorenzo;2018;santa fe centro;invernada;1731;352;3048;1317;1379;39;125;-99999;322;;;70
Argentina;Santa Fe;San Martin;2018;santa fe centro;invernada;1731;352;3048;1317;1379;39;125;-99999;322;;;84
Argentina;Santiago Del Estero;Rivadavia;2018;santa fe centro;invernada;1731;352;3048;1317;1379;39;125;-99999;322;;;42
Argentina;Santiago Del Estero;Aguirre;2018;santiago del estero;cria;567;79;806;239;488;27;27;60;101;;;91
Argentina;Santiago Del Estero;Atamisqui;2018;santiago del estero;cria;567;79;806;239;488;27;27;60;101;;;98
Argentina;Santiago Del Estero;Avellaneda;2018;santiago del estero;cria;567;79;806;239;488;27;27;60;101;;;105
Argentina;Santiago Del Estero;Belgrano;2018;santiago del estero;cria;567;79;806;239;488;27;27;60;101;;;112
Argentina;Santiago Del Estero;Capital;2018;santiago del estero;cria;567;79;806;239;488;27;27;60;101;;;119
Argentina;Santiago Del Estero;Choya;2018;santiago del estero;cria;567;79;806;239;488;27;27;60;101;;;126
Argentina;Santiago Del Estero;Figueroa;2018;santiago del estero;cria;567;79;806;239;488;27;27;60;101;;;133
Argentina;Santiago Del Estero;Guayasan;2018;santiago del estero;cria;567;79;806;239;488;27;27;60;101;;;
Argentina;Santiago Del Estero;Jimenez;2018;santiago del estero;cria;567;79;806;239;488;27;27;60;101;;;
Argentina;Santiago Del Estero;Juan F. Ibarra;2018;santiago del estero;cria;567;79;806;239;488;27;27;60;101;;;
Argentina;Santiago Del Estero;La Banda;2018;santiago del estero;cria;567;79;806;239;488;27;27;60;101;;;
Argentina;Santiago Del Estero;Loreto;2018;santiago del estero;cria;567;79;806;239;488;27;27;60;101;;;
Argentina;Santiago Del Estero;Mitre;2018;santiago del estero;cria;567;79;806;239;488;27;27;60;101;;;
Argentina;Santiago Del Estero;Ojo De Agua;2018;santiago del estero;cria;567;79;806;239;488;27;27;60;101;;;
Argentina;Santiago Del Estero;Pellegrini;2018;santiago del estero;cria;567;79;806;239;488;27;27;60;101;;;
Argentina;Santiago Del Estero;Quebrachos;2018;santiago del estero;cria;567;79;806;239;488;27;27;60;101;;;
Argentina;Santiago Del Estero;Robles;2018;santiago del estero;cria;567;79;806;239;488;27;27;60;101;;;
Argentina;Santiago Del Estero;Salavina;2018;santiago del estero;cria;567;79;806;239;488;27;27;60;101;;;
Argentina;Santiago Del Estero;San Martin;2018;santiago del estero;cria;567;79;806;239;488;27;27;60;101;;;
Argentina;Santiago Del Estero;Sarmiento;2018;santiago del estero;cria;567;79;806;239;488;27;27;60;101;;;
Argentina;Santiago Del Estero;Silipica;2018;santiago del estero;cria;567;79;806;239;488;27;27;60;101;;;
Argentina;Chubut;Languineo;2018;patagonia - precordillera;cria;86;-33;214;128;118;37;7;70;19;;;
Argentina;Chubut;Tehuelches;2018;patagonia - precordillera;cria;86;-33;214;128;118;37;7;70;19;;;
Argentina;Chubut;Rio Senguer;2018;patagonia - precordillera;cria;86;-33;214;128;118;37;7;70;19;;;
Argentina;Rio Negro;Conesa;2018;patagonia - monte oriental;cria;127;-5;254;127;132;26;8;60;32;;;
Argentina;Rio Negro;Adolfo Alsina;2018;patagonia - monte oriental;cria;127;-5;254;127;132;26;8;60;32;;;
Argentina;Rio Negro;Avellaneda;2018;patagonia - monte oriental;cria;127;-5;254;127;132;26;8;60;32;;;
Argentina;Rio Negro;Pichi Mahuida;2018;patagonia - monte oriental;cria;127;-5;254;127;132;26;8;60;32;;;
Argentina;Corrientes;San Martin;2018;corrientes nor-este;ciclo completo;484;249;798;314;235;20;29;50;144;;;
Argentina;Corrientes;General Alvear;2018;corrientes nor-este;ciclo completo;484;249;798;314;235;20;29;50;144;;;
Argentina;Corrientes;Curuzu Cuatia;2018;corrientes centro sur;cria;1476;1153;1885;409;323;29;63;67;215;;;
Argentina;Corrientes;Mercedes;2018;corrientes centro sur;cria;1476;1153;1885;409;323;29;63;67;215;;;
Argentina;Corrientes;Sauce;2018;corrientes centro sur;cria;1476;1153;1885;409;323;29;63;67;215;;;
Argentina;Buenos Aires;Lezama;2018;cuenca del salado;cria;2425;1095;2849;424;1330;31;92;72;293;;;
Argentina;Buenos Aires;Bolivar;2017;buenos aires centro-sudoeste;ciclo completo;1630;155;3246;1616;1476;35;117;69;336;;;
Argentina;Buenos Aires;Daireaux;2017;buenos aires centro-sudoeste;ciclo completo;1630;155;3246;1616;1476;35;117;69;336;;;
Argentina;Buenos Aires;Coronel Suarez;2017;buenos aires centro-sudoeste;ciclo completo;1630;155;3246;1616;1476;35;117;69;336;;;
Argentina;Cordoba;General San Martin;2017;centro cordoba sur;ciclo completo;1965;418;4263;2298;1547;36;157;65;436;;;
Argentina;Cordoba;Juarez Celman;2017;centro cordoba sur;ciclo completo;1965;418;4263;2298;1547;36;157;65;436;;;
Argentina;Cordoba;Marcos Juarez;2017;centro cordoba sur;ciclo completo;1965;418;4263;2298;1547;36;157;65;436;;;
Argentina;Cordoba;Presidente Roque Saenz Peña;2017;centro cordoba sur;ciclo completo;1965;418;4263;2298;1547;36;157;65;436;;;
Argentina;Cordoba;Rio Primero;2017;centro cordoba sur;ciclo completo;1965;418;4263;2298;1547;36;157;65;436;;;
Argentina;Cordoba;Rio Segundo;2017;centro cordoba sur;ciclo completo;1965;418;4263;2298;1547;36;157;65;436;;;
Argentina;Cordoba;San Justo;2017;centro cordoba sur;ciclo completo;1965;418;4263;2298;1547;36;157;65;436;;;
Argentina;Cordoba;Tercero Arriba;2017;centro cordoba sur;ciclo completo;1965;418;4263;2298;1547;36;157;65;436;;;
Argentina;Cordoba;Union;2017;centro cordoba sur;ciclo completo;1965;418;4263;2298;1547;36;157;65;436;;;
Argentina;Chaco;9 De Julio;2017;chaco humedo;ciclo completo;520;47;1193;673;473;24;46;60;195;;;
Argentina;Chaco;Chacabuco;2017;chaco humedo;ciclo completo;520;47;1193;673;473;24;46;60;195;;;
Argentina;Chaco;General Belgrano;2017;chaco humedo;ciclo completo;520;47;1193;673;473;24;46;60;195;;;
Argentina;Chaco;Presidencia De La Plaza;2017;chaco humedo;ciclo completo;520;47;1193;673;473;24;46;60;195;;;
Argentina;Chaco;San Fernando;2017;chaco humedo;ciclo completo;520;47;1193;673;473;24;46;60;195;;;
Argentina;Chaco;Sargento Cabral;2017;chaco humedo;ciclo completo;520;47;1193;673;473;24;46;60;195;;;
Argentina;Chaco;Tapenaga;2017;chaco humedo;ciclo completo;520;47;1193;673;473;24;46;60;195;;;
Argentina;Chaco;1 De Mayo;2017;chaco-formosa este;cria;606;188;814;209;418;23;28;60;122;;;
Argentina;Chaco;12 De Octubre;2017;chaco-formosa este;cria;606;188;814;209;418;23;28;60;122;;;
Argentina;Chaco;2 De Abril;2017;chaco-formosa este;cria;606;188;814;209;418;23;28;60;122;;;
Argentina;Chaco;25 De Mayo;2017;chaco-formosa este;cria;606;188;814;209;418;23;28;60;122;;;
Argentina;Chaco;Bermejo;2017;chaco-formosa este;cria;606;188;814;209;418;23;28;60;122;;;
Argentina;Chaco;Comandante Fernandez;2017;chaco-formosa este;cria;606;188;814;209;418;23;28;60;122;;;
Argentina;Chaco;Fray Justo Santa Maria De Oro;2017;chaco-formosa este;cria;606;188;814;209;418;23;28;60;122;;;
Argentina;Chaco;General Donovan;2017;chaco-formosa este;cria;606;188;814;209;418;23;28;60;122;;;
Argentina;Chaco;Independencia;2017;chaco-formosa este;cria;606;188;814;209;418;23;28;60;122;;;
Argentina;Chaco;Libertad;2017;chaco-formosa este;cria;606;188;814;209;418;23;28;60;122;;;
Argentina;Chaco;Libertador General San Martin;2017;chaco-formosa este;cria;606;188;814;209;418;23;28;60;122;;;
Argentina;Chaco;Maipu;2017;chaco-formosa este;cria;606;188;814;209;418;23;28;60;122;;;
Argentina;Chaco;Mayor Luis J Fontana;2017;chaco-formosa este;cria;606;188;814;209;418;23;28;60;122;;;
Argentina;Chaco;O'Higgins;2017;chaco-formosa este;cria;606;188;814;209;418;23;28;60;122;;;
Argentina;Chaco;Quitilipi;2017;chaco-formosa este;cria;606;188;814;209;418;23;28;60;122;;;
Argentina;Chaco;San Lorenzo;2017;chaco-formosa este;cria;606;188;814;209;418;23;28;60;122;;;
Argentina;Formosa;Formosa;2017;chaco-formosa este;cria;606;188;814;209;418;23;28;60;122;;;
Argentina;Formosa;Laishi;2017;chaco-formosa este;cria;606;188;814;209;418;23;28;60;122;;;
Argentina;Formosa;Pilagas;2017;chaco-formosa este;cria;606;188;814;209;418;23;28;60;122;;;
Argentina;Formosa;Pilcomayo;2017;chaco-formosa este;cria;606;188;814;209;418;23;28;60;122;;;
Argentina;Formosa;Pirane;2017;chaco-formosa este;cria;606;188;814;209;418;23;28;60;122;;;
Argentina;Chaco;Almirante Brown;2017;chaco-formosa oeste;cria;391;90;556;164;302;22;19;60;85;;;
Argentina;Chaco;General Guemes;2017;chaco-formosa oeste;cria;391;90;556;164;302;22;19;60;85;;;
Argentina;Formosa;Bermejo;2017;chaco-formosa oeste;cria;391;90;556;164;302;22;19;60;85;;;
Argentina;Formosa;Patiño;2017;chaco-formosa oeste;cria;391;90;556;164;302;22;19;60;85;;;
Argentina;Formosa;Ramon Lista;2017;chaco-formosa oeste;cria;391;90;556;164;302;22;19;60;85;;;
Argentina;Cordoba;Calamuchita;2017;cordoba norte;cria;643;177;843;200;466;29;30;65;103;;;
Argentina;Cordoba;Capital;2017;cordoba norte;cria;643;177;843;200;466;29;30;65;103;;;
Argentina;Cordoba;Colon;2017;cordoba norte;cria;643;177;843;200;466;29;30;65;103;;;
Argentina;Cordoba;Cruz Del Eje;2017;cordoba norte;cria;643;177;843;200;466;29;30;65;103;;;
Argentina;Cordoba;Ischilin;2017;cordoba norte;cria;643;177;843;200;466;29;30;65;103;;;
Argentina;Cordoba;Minas;2017;cordoba norte;cria;643;177;843;200;466;29;30;65;103;;;
Argentina;Cordoba;Pocho;2017;cordoba norte;cria;643;177;843;200;466;29;30;65;103;;;
Argentina;Cordoba;Punilla;2017;cordoba norte;cria;643;177;843;200;466;29;30;65;103;;;
Argentina;Cordoba;Rio Seco;2017;cordoba norte;cria;643;177;843;200;466;29;30;65;103;;;
Argentina;Cordoba;San Alberto;2017;cordoba norte;cria;643;177;843;200;466;29;30;65;103;;;
Argentina;Cordoba;San Javier;2017;cordoba norte;cria;643;177;843;200;466;29;30;65;103;;;
Argentina;Cordoba;Santa Maria;2017;cordoba norte;cria;643;177;843;200;466;29;30;65;103;;;
Argentina;Cordoba;Sobremonte;2017;cordoba norte;cria;643;177;843;200;466;29;30;65;103;;;
Argentina;Cordoba;Totoral;2017;cordoba norte;cria;643;177;843;200;466;29;30;65;103;;;
Argentina;Cordoba;Tulumba;2017;cordoba norte;cria;643;177;843;200;466;29;30;65;103;;;
Argentina;Corrientes;Bella Vista;2017;corrientes noroeste;cria;767;344;1164;397;423;21;43;60;205;;;
Argentina;Corrientes;Capital;2017;corrientes noroeste;cria;767;344;1164;397;423;21;43;60;205;;;
Argentina;Corrientes;Concepcion;2017;corrientes noroeste;cria;767;344;1164;397;423;21;43;60;205;;;
Argentina;Corrientes;Empedrado;2017;corrientes noroeste;cria;767;344;1164;397;423;21;43;60;205;;;
Argentina;Corrientes;General Paz;2017;corrientes noroeste;cria;767;344;1164;397;423;21;43;60;205;;;
Argentina;Corrientes;Goya;2017;corrientes noroeste;cria;767;344;1164;397;423;21;43;60;205;;;
Argentina;Corrientes;Ituzaingo;2017;corrientes noroeste;cria;767;344;1164;397;423;21;43;60;205;;;
Argentina;Corrientes;Monte Caseros;2017;corrientes centro sur;cria;1486;1224;1877;391;262;29;63;67;215;;;
Argentina;Corrientes;Paso De Los Libres;2017;corrientes nor-este;ciclo completo;491;297;798;308;194;20;29;50;144;;;
Argentina;Corrientes;Saladas;2017;corrientes noroeste;cria;767;344;1164;397;423;21;43;60;205;;;
Argentina;Corrientes;San Luis Del Palmar;2017;corrientes noroeste;cria;767;344;1164;397;423;21;43;60;205;;;
Argentina;Corrientes;San Miguel;2017;corrientes noroeste;cria;767;344;1164;397;423;21;43;60;205;;;
Argentina;Corrientes;San Roque;2017;corrientes noroeste;cria;767;344;1164;397;423;21;43;60;205;;;
Argentina;Santa Fe;General Obligado;2017;corrientes noroeste;cria;767;344;1164;397;423;21;43;60;205;;;
Argentina;Buenos Aires;25 De Mayo;2017;cuenca del salado;cria;2496;1502;2900;404;995;31;92;72;293;;;
Argentina;Buenos Aires;Adolfo Gonzales Chaves;2017;cuenca del salado;cria;2496;1502;2900;404;995;31;92;72;293;;;
Argentina;Buenos Aires;Ayacucho;2017;cuenca del salado;cria;2496;1502;2900;404;995;31;92;72;293;;;
Argentina;Buenos Aires;Azul;2017;cuenca del salado;cria;2496;1502;2900;404;995;31;92;72;293;;;
Argentina;Buenos Aires;Brandsen;2017;cuenca del salado;cria;2496;1502;2900;404;995;31;92;72;293;;;
Argentina;Buenos Aires;Cañuelas;2017;cuenca del salado;cria;2496;1502;2900;404;995;31;92;72;293;;;
Argentina;Buenos Aires;Castelli;2017;cuenca del salado;cria;2496;1502;2900;404;995;31;92;72;293;;;
Argentina;Buenos Aires;Chascomus;2017;cuenca del salado;cria;2496;1502;2900;404;995;31;92;72;293;;;
Argentina;Buenos Aires;Dolores;2017;cuenca del salado;cria;2496;1502;2900;404;995;31;92;72;293;;;
Argentina;Buenos Aires;General Alvear;2017;cuenca del salado;cria;2496;1502;2900;404;995;31;92;72;293;;;
Argentina;Buenos Aires;General Belgrano;2017;cuenca del salado;cria;2496;1502;2900;404;995;31;92;72;293;;;
Argentina;Buenos Aires;General Guido;2017;cuenca del salado;cria;2496;1502;2900;404;995;31;92;72;293;;;
Argentina;Buenos Aires;General Lamadrid;2017;cuenca del salado;cria;2496;1502;2900;404;995;31;92;72;293;;;
Argentina;Buenos Aires;General Las Heras;2017;cuenca del salado;cria;2496;1502;2900;404;995;31;92;72;293;;;
Argentina;Buenos Aires;General Lavalle;2017;cuenca del salado;cria;2496;1502;2900;404;995;31;92;72;293;;;
Argentina;Buenos Aires;General Juan Madariaga;2017;cuenca del salado;cria;2496;1502;2900;404;995;31;92;72;293;;;
Argentina;Buenos Aires;General Paz;2017;cuenca del salado;cria;2496;1502;2900;404;995;31;92;72;293;;;
Argentina;Buenos Aires;La Plata;2017;cuenca del salado;cria;2496;1502;2900;404;995;31;92;72;293;;;
Argentina;Buenos Aires;Laprida;2017;cuenca del salado;cria;2496;1502;2900;404;995;31;92;72;293;;;
Argentina;Buenos Aires;Las Flores;2017;cuenca del salado;cria;2496;1502;2900;404;995;31;92;72;293;;;
Argentina;Buenos Aires;Lobos;2017;cuenca del salado;cria;2496;1502;2900;404;995;31;92;72;293;;;
Argentina;Buenos Aires;Magdalena;2017;cuenca del salado;cria;2496;1502;2900;404;995;31;92;72;293;;;
Argentina;Buenos Aires;Maipu;2017;cuenca del salado;cria;2496;1502;2900;404;995;31;92;72;293;;;
Argentina;Buenos Aires;Mar Chiquita;2017;cuenca del salado;cria;2496;1502;2900;404;995;31;92;72;293;;;
Argentina;Buenos Aires;Marcos Paz;2017;cuenca del salado;cria;2496;1502;2900;404;995;31;92;72;293;;;
Argentina;Buenos Aires;Monte;2017;cuenca del salado;cria;2496;1502;2900;404;995;31;92;72;293;;;
Argentina;Buenos Aires;Navarro;2017;cuenca del salado;cria;2496;1502;2900;404;995;31;92;72;293;;;
Argentina;Buenos Aires;Olavarria;2017;cuenca del salado;cria;2496;1502;2900;404;995;31;92;72;293;;;
Argentina;Buenos Aires;Pila;2017;cuenca del salado;cria;2496;1502;2900;404;995;31;92;72;293;;;
Argentina;Buenos Aires;Punta Indio;2017;cuenca del salado;cria;2496;1502;2900;404;995;31;92;72;293;;;
Argentina;Buenos Aires;Rauch;2017;cuenca del salado;cria;2496;1502;2900;404;995;31;92;72;293;;;
Argentina;Buenos Aires;Roque Perez;2017;cuenca del salado;cria;2496;1502;2900;404;995;31;92;72;293;;;
Argentina;Buenos Aires;Saladillo;2017;cuenca del salado;cria;2496;1502;2900;404;995;31;92;72;293;;;
Argentina;Buenos Aires;San Vicente;2017;cuenca del salado;cria;2496;1502;2900;404;995;31;92;72;293;;;
Argentina;Buenos Aires;Tapalque;2017;cuenca del salado;cria;2496;1502;2900;404;995;31;92;72;293;;;
Argentina;Buenos Aires;Tordillo;2017;cuenca del salado;cria;2496;1502;2900;404;995;31;92;72;293;;;
Argentina;Entre Rios;Concordia;2017;entre rios norte;cria;1426;782;1924;498;644;30;70;67;231;;;
Argentina;Entre Rios;Federacion;2017;entre rios norte;cria;1426;782;1924;498;644;30;70;67;231;;;
Argentina;Entre Rios;Federal;2017;entre rios norte;cria;1426;782;1924;498;644;30;70;67;231;;;
Argentina;Entre Rios;Feliciano;2017;entre rios norte;cria;1426;782;1924;498;644;30;70;67;231;;;
Argentina;Entre Rios;La Paz;2017;entre rios norte;cria;1426;782;1924;498;644;30;70;67;231;;;
Argentina;Entre Rios;Colon;2017;entre rios sw;invernada;982;-1139;4837;3855;2121;59;284;-99999;482;;;
Argentina;Entre Rios;Diamante;2017;entre rios sw;invernada;982;-1139;4837;3855;2121;59;284;-99999;482;;;
Argentina;Entre Rios;Gualeguay;2017;entre rios sw;invernada;982;-1139;4837;3855;2121;59;284;-99999;482;;;
Argentina;Entre Rios;Gualeguaychu;2017;entre rios sw;invernada;982;-1139;4837;3855;2121;59;284;-99999;482;;;
Argentina;Entre Rios;Nogoya;2017;entre rios sw;invernada;982;-1139;4837;3855;2121;59;284;-99999;482;;;
Argentina;Entre Rios;Parana;2017;entre rios sw;invernada;982;-1139;4837;3855;2121;59;284;-99999;482;;;
Argentina;Entre Rios;San Salvador;2017;entre rios sw;invernada;982;-1139;4837;3855;2121;59;284;-99999;482;;;
Argentina;Entre Rios;Tala;2017;entre rios sw;invernada;982;-1139;4837;3855;2121;59;284;-99999;482;;;
Argentina;Entre Rios;Uruguay;2017;entre rios sw;invernada;982;-1139;4837;3855;2121;59;284;-99999;482;;;
Argentina;Entre Rios;Victoria;2017;entre rios sw;invernada;982;-1139;4837;3855;2121;59;284;-99999;482;;;
Argentina;Entre Rios;Villaguay;2017;entre rios sw;invernada;982;-1139;4837;3855;2121;59;284;-99999;482;;;
Argentina;Entre Rios;Islas Del Ibicuy;2017;islas de entre rios 1;invernada;488;145;1065;577;344;39;51;-99999;132;;;
Argentina;La Pampa;Caleu Caleu;2017;la pampa-san luis arida;cria;351;206;498;147;145;29;17;65;59;;;
Argentina;La Pampa;Chalileo;2017;la pampa-san luis arida;cria;351;206;498;147;145;29;17;65;59;;;
Argentina;La Pampa;Curaco;2017;la pampa-san luis arida;cria;351;206;498;147;145;29;17;65;59;;;
Argentina;La Pampa;Hucal;2017;la pampa-san luis arida;cria;351;206;498;147;145;29;17;65;59;;;
Argentina;La Pampa;Lihuel Calel;2017;la pampa-san luis arida;cria;351;206;498;147;145;29;17;65;59;;;
Argentina;La Pampa;Limay Mahuida;2017;la pampa-san luis arida;cria;351;206;498;147;145;29;17;65;59;;;
Argentina;La Pampa;Utracan;2017;la pampa-san luis arida;cria;351;206;498;147;145;29;17;65;59;;;
Argentina;San Luis;Ayacucho;2017;la pampa-san luis arida;cria;351;206;498;147;145;29;17;65;59;;;
Argentina;San Luis;Belgrano;2017;la pampa-san luis arida;cria;351;206;498;147;145;29;17;65;59;;;
Argentina;San Luis;Junin;2017;la pampa-san luis arida;cria;351;206;498;147;145;29;17;65;59;;;
Argentina;San Luis;Libertador General San Martin;2017;la pampa-san luis arida;cria;351;206;498;147;145;29;17;65;59;;;
Argentina;La Pampa;Guatrache;2017;la pampa-san luis semiarida;cria;717;484;1038;321;232;31;34;70;109;;;
Argentina;La Pampa;Loventue;2017;la pampa-san luis semiarida;cria;717;484;1038;321;232;31;34;70;109;;;
Argentina;La Pampa;Toay;2017;la pampa-san luis semiarida;cria;717;484;1038;321;232;31;34;70;109;;;
Argentina;San Luis;Chacabuco;2017;la pampa-san luis semiarida;cria;717;484;1038;321;232;31;34;70;109;;;
Argentina;San Luis;Coronel Pringles;2017;la pampa-san luis semiarida;cria;717;484;1038;321;232;31;34;70;109;;;
Argentina;San Luis;La Capital;2017;la pampa-san luis semiarida;cria;717;484;1038;321;232;31;34;70;109;;;
Argentina;Buenos Aires;Adolfo Alsina;2017;pampeana subhumeda;ciclo completo;1191;801;1834;643;390;35;65;75;186;;;
Argentina;Buenos Aires;Carlos Tejedor;2017;pampeana subhumeda;ciclo completo;1191;801;1834;643;390;35;65;75;186;;;
Argentina;Buenos Aires;General Villegas;2017;pampeana subhumeda;ciclo completo;1191;801;1834;643;390;35;65;75;186;;;
Argentina;Buenos Aires;Guamini;2017;pampeana subhumeda;ciclo completo;1191;801;1834;643;390;35;65;75;186;;;
Argentina;Buenos Aires;Pellegrini;2017;pampeana subhumeda;invernada;1020;-956;4340;3320;1976;53;260;-99999;492;;;
Argentina;Buenos Aires;Rivadavia;2017;pampeana subhumeda;invernada;1020;-956;4340;3320;1976;53;260;-99999;492;;;
Argentina;Buenos Aires;Salliquelo;2017;pampeana subhumeda;invernada;1020;-956;4340;3320;1976;53;260;-99999;492;;;
Argentina;Buenos Aires;Trenque Lauquen;2017;pampeana subhumeda;ciclo completo;1191;801;1834;643;390;35;65;75;186;;;
Argentina;Buenos Aires;Tres Lomas;2017;pampeana subhumeda;invernada;1020;-956;4340;3320;1976;53;260;-99999;492;;;
Argentina;Cordoba;General Roca;2017;pampeana subhumeda;invernada;1020;-956;4340;3320;1976;53;260;-99999;492;;;
Argentina;Cordoba;Rio Cuarto;2017;pampeana subhumeda;ciclo completo;1191;801;1834;643;390;35;65;75;186;;;
Argentina;La Pampa;Atreuco;2017;pampeana subhumeda;ciclo completo;1191;801;1834;643;390;35;65;75;186;;;
Argentina;La Pampa;Capital;2017;pampeana subhumeda;ciclo completo;1191;801;1834;643;390;35;65;75;186;;;
Argentina;La Pampa;Catrilo;2017;pampeana subhumeda;invernada;1020;-956;4340;3320;1976;53;260;-99999;492;;;
Argentina;La Pampa;Chapaleufu;2017;pampeana subhumeda;invernada;1020;-956;4340;3320;1976;53;260;-99999;492;;;
Argentina;La Pampa;Conhelo;2017;pampeana subhumeda;invernada;1020;-956;4340;3320;1976;53;260;-99999;492;;;
Argentina;La Pampa;Maraco;2017;pampeana subhumeda;invernada;1020;-956;4340;3320;1976;53;260;-99999;492;;;
Argentina;La Pampa;Quemu Quemu;2017;pampeana subhumeda;invernada;1020;-956;4340;3320;1976;53;260;-99999;492;;;
Argentina;La Pampa;Rancul;2017;pampeana subhumeda;invernada;1020;-956;4340;3320;1976;53;260;-99999;492;;;
Argentina;La Pampa;Realico;2017;pampeana subhumeda;invernada;1020;-956;4340;3320;1976;53;260;-99999;492;;;
Argentina;La Pampa;Trenel;2017;pampeana subhumeda;invernada;1020;-956;4340;3320;1976;53;260;-99999;492;;;
Argentina;San Luis;General Pedernera;2017;pampeana subhumeda;ciclo completo;1191;801;1834;643;390;35;65;75;186;;;
Argentina;San Luis;Gobernador Dupuy;2017;pampeana subhumeda;ciclo completo;1191;801;1834;643;390;35;65;75;186;;;
Argentina;Salta;Cachi;2017;salta;cria;303;39;473;170;263;24;17;55;71;;;
Argentina;Salta;Cafayate;2017;salta;cria;303;39;473;170;263;24;17;55;71;;;
Argentina;Salta;Capital;2017;salta;cria;303;39;473;170;263;24;17;55;71;;;
Argentina;Salta;Cerrillos;2017;salta;cria;303;39;473;170;263;24;17;55;71;;;
Argentina;Salta;General Guemes;2017;salta;cria;303;39;473;170;263;24;17;55;71;;;
Argentina;Salta;General Jose De San Martin;2017;salta;cria;303;39;473;170;263;24;17;55;71;;;
Argentina;Salta;Guachipas;2017;salta;cria;303;39;473;170;263;24;17;55;71;;;
Argentina;Salta;La Caldera;2017;salta;cria;303;39;473;170;263;24;17;55;71;;;
Argentina;Salta;La Candelaria;2017;salta;cria;303;39;473;170;263;24;17;55;71;;;
Argentina;Salta;La Poma;2017;salta;cria;303;39;473;170;263;24;17;55;71;;;
Argentina;Salta;La Viña;2017;salta;cria;303;39;473;170;263;24;17;55;71;;;
Argentina;Salta;Rosario De La Frontera;2017;salta;cria;303;39;473;170;263;24;17;55;71;;;
Argentina;Santa Fe;Belgrano;2017;santa fe centro;invernada;1305;93;2537;1232;1213;39;125;-99999;322;;;
Argentina;Santa Fe;Castellanos;2017;santa fe centro;invernada;1305;93;2537;1232;1213;39;125;-99999;322;;;
Argentina;Santa Fe;Iriondo;2017;santa fe centro;invernada;1305;93;2537;1232;1213;39;125;-99999;322;;;
Argentina;Santa Fe;La Capital;2017;santa fe centro;invernada;1305;93;2537;1232;1213;39;125;-99999;322;;;
Argentina;Santa Fe;Las Colonias;2017;santa fe centro;invernada;1305;93;2537;1232;1213;39;125;-99999;322;;;
Argentina;Santa Fe;Rosario;2017;santa fe centro;invernada;1305;93;2537;1232;1213;39;125;-99999;322;;;
Argentina;Santa Fe;San Cristobal;2017;santa fe centro;invernada;1305;93;2537;1232;1213;39;125;-99999;322;;;
Argentina;Santa Fe;San Jeronimo;2017;santa fe centro;invernada;1305;93;2537;1232;1213;39;125;-99999;322;;;
Argentina;Santa Fe;San Lorenzo;2017;santa fe centro;invernada;1305;93;2537;1232;1213;39;125;-99999;322;;;
Argentina;Santa Fe;San Martin;2017;santa fe centro;invernada;1305;93;2537;1232;1213;39;125;-99999;322;;;
Argentina;Santiago Del Estero;Rivadavia;2017;santa fe centro;invernada;1305;93;2537;1232;1213;39;125;-99999;322;;;
Argentina;Santiago Del Estero;Aguirre;2017;santiago del estero;cria;538;111;773;235;427;27;27;60;101;;;
Argentina;Santiago Del Estero;Atamisqui;2017;santiago del estero;cria;538;111;773;235;427;27;27;60;101;;;
Argentina;Santiago Del Estero;Avellaneda;2017;santiago del estero;cria;538;111;773;235;427;27;27;60;101;;;
Argentina;Santiago Del Estero;Belgrano;2017;santiago del estero;cria;538;111;773;235;427;27;27;60;101;;;
Argentina;Santiago Del Estero;Capital;2017;santiago del estero;cria;538;111;773;235;427;27;27;60;101;;;
Argentina;Santiago Del Estero;Choya;2017;santiago del estero;cria;538;111;773;235;427;27;27;60;101;;;
Argentina;Santiago Del Estero;Figueroa;2017;santiago del estero;cria;538;111;773;235;427;27;27;60;101;;;
Argentina;Santiago Del Estero;Guayasan;2017;santiago del estero;cria;538;111;773;235;427;27;27;60;101;;;
Argentina;Santiago Del Estero;Jimenez;2017;santiago del estero;cria;538;111;773;235;427;27;27;60;101;;;
Argentina;Santiago Del Estero;Juan F. Ibarra;2017;santiago del estero;cria;538;111;773;235;427;27;27;60;101;;;
Argentina;Santiago Del Estero;La Banda;2017;santiago del estero;cria;538;111;773;235;427;27;27;60;101;;;
Argentina;Santiago Del Estero;Loreto;2017;santiago del estero;cria;538;111;773;235;427;27;27;60;101;;;
Argentina;Santiago Del Estero;Mitre;2017;santiago del estero;cria;538;111;773;235;427;27;27;60;101;;;
Argentina;Santiago Del Estero;Ojo De Agua;2017;santiago del estero;cria;538;111;773;235;427;27;27;60;101;;;
Argentina;Santiago Del Estero;Pellegrini;2017;santiago del estero;cria;538;111;773;235;427;27;27;60;101;;;
Argentina;Santiago Del Estero;Quebrachos;2017;santiago del estero;cria;538;111;773;235;427;27;27;60;101;;;
Argentina;Santiago Del Estero;Robles;2017;santiago del estero;cria;538;111;773;235;427;27;27;60;101;;;
Argentina;Santiago Del Estero;Salavina;2017;santiago del estero;cria;538;111;773;235;427;27;27;60;101;;;
Argentina;Santiago Del Estero;San Martin;2017;santiago del estero;cria;538;111;773;235;427;27;27;60;101;;;
Argentina;Santiago Del Estero;Sarmiento;2017;santiago del estero;cria;538;111;773;235;427;27;27;60;101;;;
Argentina;Santiago Del Estero;Silipica;2017;santiago del estero;cria;538;111;773;235;427;27;27;60;101;;;
Argentina;Chubut;Languineo;2017;patagonia - precordillera;cria;113;9;239;125;105;38;7;78;19;;;
Argentina;Chubut;Tehuelches;2017;patagonia - precordillera;cria;113;9;239;125;105;38;7;78;19;;;
Argentina;Chubut;Rio Senguer;2017;patagonia - precordillera;cria;113;9;239;125;105;38;7;78;19;;;
Argentina;Rio Negro;Conesa;2017;patagonia - monte oriental;cria;125;6;254;129;119;26;8;60;19;;;
Argentina;Rio Negro;Adolfo Alsina;2017;patagonia - monte oriental;cria;125;6;254;129;119;26;8;60;19;;;
Argentina;Rio Negro;Avellaneda;2017;patagonia - monte oriental;cria;125;6;254;129;119;26;8;60;19;;;
Argentina;Rio Negro;Pichi Mahuida;2017;patagonia - monte oriental;cria;125;6;254;129;119;26;8;60;19;;;
Argentina;Corrientes;San Martin;2017;corrientes nor-este;ciclo completo;491;297;798;308;194;20;29;50;144;;;
Argentina;Corrientes;General Alvear;2017;corrientes nor-este;ciclo completo;491;297;798;308;194;20;29;50;144;;;
Argentina;Corrientes;Curuzu Cuatia;2017;corrientes centro sur;cria;1486;1224;1877;391;262;29;63;67;215;;;
Argentina;Corrientes;Mercedes;2017;corrientes centro sur;cria;1486;1224;1877;391;262;29;63;67;215;;;
Argentina;Corrientes;Sauce;2017;corrientes centro sur;cria;1486;1224;1877;391;262;29;63;67;215;;;
Argentina;Buenos Aires;Lezama;2017;cuenca del salado;cria;2496;1502;2900;404;995;31;92;72;293;;;
Argentina;Buenos Aires;Bolivar;2017;buenos aires centro-sudoeste;ciclo completo;1869;456;3304;1435;1413;35;117;69;336;;;
Argentina;Buenos Aires;Daireaux;2017;buenos aires centro-sudoeste;ciclo completo;1869;456;3304;1435;1413;35;117;69;336;;;
Argentina;Buenos Aires;Coronel Suarez;2017;buenos aires centro-sudoeste;ciclo completo;1869;456;3304;1435;1413;35;117;69;336;;;
Argentina;Cordoba;General San Martin;2017;centro cordoba sur;ciclo completo;2271;795;4337;2066;1476;36;157;65;436;;;
Argentina;Cordoba;Juarez Celman;2017;centro cordoba sur;ciclo completo;2271;795;4337;2066;1476;36;157;65;436;;;
Argentina;Cordoba;Marcos Juarez;2017;centro cordoba sur;ciclo completo;2271;795;4337;2066;1476;36;157;65;436;;;
Argentina;Cordoba;Presidente Roque Saenz Peña;2017;centro cordoba sur;ciclo completo;2271;795;4337;2066;1476;36;157;65;436;;;
Argentina;Cordoba;Rio Primero;2017;centro cordoba sur;ciclo completo;2271;795;4337;2066;1476;36;157;65;436;;;
Argentina;Cordoba;Rio Segundo;2017;centro cordoba sur;ciclo completo;2271;795;4337;2066;1476;36;157;65;436;;;
Argentina;Cordoba;San Justo;2017;centro cordoba sur;ciclo completo;2271;795;4337;2066;1476;36;157;65;436;;;
Argentina;Cordoba;Tercero Arriba;2017;centro cordoba sur;ciclo completo;2271;795;4337;2066;1476;36;157;65;436;;;
Argentina;Cordoba;Union;2017;centro cordoba sur;ciclo completo;2271;795;4337;2066;1476;36;157;65;436;;;
Argentina;Chaco;9 De Julio;2017;chaco humedo;ciclo completo;644;196;1207;563;448;24;46;60;195;;;
Argentina;Chaco;Chacabuco;2017;chaco humedo;ciclo completo;644;196;1207;563;448;24;46;60;195;;;
Argentina;Chaco;General Belgrano;2017;chaco humedo;ciclo completo;644;196;1207;563;448;24;46;60;195;;;
Argentina;Chaco;Presidencia De La Plaza;2017;chaco humedo;ciclo completo;644;196;1207;563;448;24;46;60;195;;;
Argentina;Chaco;San Fernando;2017;chaco humedo;ciclo completo;644;196;1207;563;448;24;46;60;195;;;
Argentina;Chaco;Sargento Cabral;2017;chaco humedo;ciclo completo;644;196;1207;563;448;24;46;60;195;;;
Argentina;Chaco;Tapenaga;2017;chaco humedo;ciclo completo;644;196;1207;563;448;24;46;60;195;;;
Argentina;Chaco;1 De Mayo;2017;chaco-formosa este;cria;595;194;774;179;401;23;28;60;122;;;
Argentina;Chaco;12 De Octubre;2017;chaco-formosa este;cria;595;194;774;179;401;23;28;60;122;;;
Argentina;Chaco;2 De Abril;2017;chaco-formosa este;cria;595;194;774;179;401;23;28;60;122;;;
Argentina;Chaco;25 De Mayo;2017;chaco-formosa este;cria;595;194;774;179;401;23;28;60;122;;;
Argentina;Chaco;Bermejo;2017;chaco-formosa este;cria;595;194;774;179;401;23;28;60;122;;;
Argentina;Chaco;Comandante Fernandez;2017;chaco-formosa este;cria;595;194;774;179;401;23;28;60;122;;;
Argentina;Chaco;Fray Justo Santa Maria De Oro;2017;chaco-formosa este;cria;595;194;774;179;401;23;28;60;122;;;
Argentina;Chaco;General Donovan;2017;chaco-formosa este;cria;595;194;774;179;401;23;28;60;122;;;
Argentina;Chaco;Independencia;2017;chaco-formosa este;cria;595;194;774;179;401;23;28;60;122;;;
Argentina;Chaco;Libertad;2017;chaco-formosa este;cria;595;194;774;179;401;23;28;60;122;;;
Argentina;Chaco;Libertador General San Martin;2017;chaco-formosa este;cria;595;194;774;179;401;23;28;60;122;;;
Argentina;Chaco;Maipu;2017;chaco-formosa este;cria;595;194;774;179;401;23;28;60;122;;;
Argentina;Chaco;Mayor Luis J Fontana;2017;chaco-formosa este;cria;595;194;774;179;401;23;28;60;122;;;
Argentina;Chaco;O'Higgins;2017;chaco-formosa este;cria;595;194;774;179;401;23;28;60;122;;;
Argentina;Chaco;Quitilipi;2017;chaco-formosa este;cria;595;194;774;179;401;23;28;60;122;;;
Argentina;Chaco;San Lorenzo;2017;chaco-formosa este;cria;595;194;774;179;401;23;28;60;122;;;
Argentina;Formosa;Formosa;2017;chaco-formosa este;cria;595;194;774;179;401;23;28;60;122;;;
Argentina;Formosa;Laishi;2017;chaco-formosa este;cria;595;194;774;179;401;23;28;60;122;;;
Argentina;Formosa;Pilagas;2017;chaco-formosa este;cria;595;194;774;179;401;23;28;60;122;;;
Argentina;Formosa;Pilcomayo;2017;chaco-formosa este;cria;595;194;774;179;401;23;28;60;122;;;
Argentina;Formosa;Pirane;2017;chaco-formosa este;cria;595;194;774;179;401;23;28;60;122;;;
Argentina;Chaco;Almirante Brown;2017;chaco-formosa oeste;cria;384;93;525;140;292;22;19;60;85;;;
Argentina;Chaco;General Guemes;2017;chaco-formosa oeste;cria;384;93;525;140;292;22;19;60;85;;;
Argentina;Formosa;Bermejo;2017;chaco-formosa oeste;cria;384;93;525;140;292;22;19;60;85;;;
Argentina;Formosa;Patiño;2017;chaco-formosa oeste;cria;384;93;525;140;292;22;19;60;85;;;
Argentina;Formosa;Ramon Lista;2017;chaco-formosa oeste;cria;384;93;525;140;292;22;19;60;85;;;
Argentina;Cordoba;Calamuchita;2017;cordoba norte;cria;632;191;805;173;441;29;30;65;103;;;
Argentina;Cordoba;Capital;2017;cordoba norte;cria;632;191;805;173;441;29;30;65;103;;;
Argentina;Cordoba;Colon;2017;cordoba norte;cria;632;191;805;173;441;29;30;65;103;;;
Argentina;Cordoba;Cruz Del Eje;2017;cordoba norte;cria;632;191;805;173;441;29;30;65;103;;;
Argentina;Cordoba;Ischilin;2017;cordoba norte;cria;632;191;805;173;441;29;30;65;103;;;
Argentina;Cordoba;Minas;2017;cordoba norte;cria;632;191;805;173;441;29;30;65;103;;;
Argentina;Cordoba;Pocho;2017;cordoba norte;cria;632;191;805;173;441;29;30;65;103;;;
Argentina;Cordoba;Punilla;2017;cordoba norte;cria;632;191;805;173;441;29;30;65;103;;;
Argentina;Cordoba;Rio Seco;2017;cordoba norte;cria;632;191;805;173;441;29;30;65;103;;;
Argentina;Cordoba;San Alberto;2017;cordoba norte;cria;632;191;805;173;441;29;30;65;103;;;
Argentina;Cordoba;San Javier;2017;cordoba norte;cria;632;191;805;173;441;29;30;65;103;;;
Argentina;Cordoba;Santa Maria;2017;cordoba norte;cria;632;191;805;173;441;29;30;65;103;;;
Argentina;Cordoba;Sobremonte;2017;cordoba norte;cria;632;191;805;173;441;29;30;65;103;;;
Argentina;Cordoba;Totoral;2017;cordoba norte;cria;632;191;805;173;441;29;30;65;103;;;
Argentina;Cordoba;Tulumba;2017;cordoba norte;cria;632;191;805;173;441;29;30;65;103;;;
Argentina;Corrientes;Bella Vista;2017;corrientes noroeste;cria;783;381;1121;338;402;21;43;60;205;;;
Argentina;Corrientes;Capital;2017;corrientes noroeste;cria;783;381;1121;338;402;21;43;60;205;;;
Argentina;Corrientes;Concepcion;2017;corrientes noroeste;cria;783;381;1121;338;402;21;43;60;205;;;
Argentina;Corrientes;Empedrado;2017;corrientes noroeste;cria;783;381;1121;338;402;21;43;60;205;;;
Argentina;Corrientes;General Paz;2017;corrientes noroeste;cria;783;381;1121;338;402;21;43;60;205;;;
Argentina;Corrientes;Goya;2017;corrientes noroeste;cria;783;381;1121;338;402;21;43;60;205;;;
Argentina;Corrientes;Ituzaingo;2017;corrientes noroeste;cria;783;381;1121;338;402;21;43;60;205;;;
Argentina;Corrientes;Monte Caseros;2017;corrientes centro sur;cria;1428;1174;1766;337;254;29;63;67;215;;;
Argentina;Corrientes;Paso De Los Libres;2017;corrientes nor-este;ciclo completo;519;327;780;261;192;20;29;50;144;;;
Argentina;Corrientes;Saladas;2017;corrientes noroeste;cria;783;381;1121;338;402;21;43;60;205;;;
Argentina;Corrientes;San Luis Del Palmar;2017;corrientes noroeste;cria;783;381;1121;338;402;21;43;60;205;;;
Argentina;Corrientes;San Miguel;2017;corrientes noroeste;cria;783;381;1121;338;402;21;43;60;205;;;
Argentina;Corrientes;San Roque;2017;corrientes noroeste;cria;783;381;1121;338;402;21;43;60;205;;;
Argentina;Santa Fe;General Obligado;2017;corrientes noroeste;cria;783;381;1121;338;402;21;43;60;205;;;
Argentina;Buenos Aires;25 De Mayo;2017;cuenca del salado;cria;2395;1428;2750;355;967;31;92;72;293;;;
Argentina;Buenos Aires;Adolfo Gonzales Chaves;2017;cuenca del salado;cria;2395;1428;2750;355;967;31;92;72;293;;;
Argentina;Buenos Aires;Ayacucho;2017;cuenca del salado;cria;2395;1428;2750;355;967;31;92;72;293;;;
Argentina;Buenos Aires;Azul;2017;cuenca del salado;cria;2395;1428;2750;355;967;31;92;72;293;;;
Argentina;Buenos Aires;Brandsen;2017;cuenca del salado;cria;2395;1428;2750;355;967;31;92;72;293;;;
Argentina;Buenos Aires;Cañuelas;2017;cuenca del salado;cria;2395;1428;2750;355;967;31;92;72;293;;;
Argentina;Buenos Aires;Castelli;2017;cuenca del salado;cria;2395;1428;2750;355;967;31;92;72;293;;;
Argentina;Buenos Aires;Chascomus;2017;cuenca del salado;cria;2395;1428;2750;355;967;31;92;72;293;;;
Argentina;Buenos Aires;Dolores;2017;cuenca del salado;cria;2395;1428;2750;355;967;31;92;72;293;;;
Argentina;Buenos Aires;General Alvear;2017;cuenca del salado;cria;2395;1428;2750;355;967;31;92;72;293;;;
Argentina;Buenos Aires;General Belgrano;2017;cuenca del salado;cria;2395;1428;2750;355;967;31;92;72;293;;;
Argentina;Buenos Aires;General Guido;2017;cuenca del salado;cria;2395;1428;2750;355;967;31;92;72;293;;;
Argentina;Buenos Aires;General Lamadrid;2017;cuenca del salado;cria;2395;1428;2750;355;967;31;92;72;293;;;
Argentina;Buenos Aires;General Las Heras;2017;cuenca del salado;cria;2395;1428;2750;355;967;31;92;72;293;;;
Argentina;Buenos Aires;General Lavalle;2017;cuenca del salado;cria;2395;1428;2750;355;967;31;92;72;293;;;
Argentina;Buenos Aires;General Juan Madariaga;2017;cuenca del salado;cria;2395;1428;2750;355;967;31;92;72;293;;;
Argentina;Buenos Aires;General Paz;2017;cuenca del salado;cria;2395;1428;2750;355;967;31;92;72;293;;;
Argentina;Buenos Aires;La Plata;2017;cuenca del salado;cria;2395;1428;2750;355;967;31;92;72;293;;;
Argentina;Buenos Aires;Laprida;2017;cuenca del salado;cria;2395;1428;2750;355;967;31;92;72;293;;;
Argentina;Buenos Aires;Las Flores;2017;cuenca del salado;cria;2395;1428;2750;355;967;31;92;72;293;;;
Argentina;Buenos Aires;Lobos;2017;cuenca del salado;cria;2395;1428;2750;355;967;31;92;72;293;;;
Argentina;Buenos Aires;Magdalena;2017;cuenca del salado;cria;2395;1428;2750;355;967;31;92;72;293;;;
Argentina;Buenos Aires;Maipu;2017;cuenca del salado;cria;2395;1428;2750;355;967;31;92;72;293;;;
Argentina;Buenos Aires;Mar Chiquita;2017;cuenca del salado;cria;2395;1428;2750;355;967;31;92;72;293;;;
Argentina;Buenos Aires;Marcos Paz;2017;cuenca del salado;cria;2395;1428;2750;355;967;31;92;72;293;;;
Argentina;Buenos Aires;Monte;2017;cuenca del salado;cria;2395;1428;2750;355;967;31;92;72;293;;;
Argentina;Buenos Aires;Navarro;2017;cuenca del salado;cria;2395;1428;2750;355;967;31;92;72;293;;;
Argentina;Buenos Aires;Olavarria;2017;cuenca del salado;cria;2395;1428;2750;355;967;31;92;72;293;;;
Argentina;Buenos Aires;Pila;2017;cuenca del salado;cria;2395;1428;2750;355;967;31;92;72;293;;;
Argentina;Buenos Aires;Punta Indio;2017;cuenca del salado;cria;2395;1428;2750;355;967;31;92;72;293;;;
Argentina;Buenos Aires;Rauch;2017;cuenca del salado;cria;2395;1428;2750;355;967;31;92;72;293;;;
Argentina;Buenos Aires;Roque Perez;2017;cuenca del salado;cria;2395;1428;2750;355;967;31;92;72;293;;;
Argentina;Buenos Aires;Saladillo;2017;cuenca del salado;cria;2395;1428;2750;355;967;31;92;72;293;;;
Argentina;Buenos Aires;San Vicente;2017;cuenca del salado;cria;2395;1428;2750;355;967;31;92;72;293;;;
Argentina;Buenos Aires;Tapalque;2017;cuenca del salado;cria;2395;1428;2750;355;967;31;92;72;293;;;
Argentina;Buenos Aires;Tordillo;2017;cuenca del salado;cria;2395;1428;2750;355;967;31;92;72;293;;;
Argentina;Entre Rios;Concordia;2017;entre rios norte;cria;1399;779;1834;435;620;30;70;67;231;;;
Argentina;Entre Rios;Federacion;2017;entre rios norte;cria;1399;779;1834;435;620;30;70;67;231;;;
Argentina;Entre Rios;Federal;2017;entre rios norte;cria;1399;779;1834;435;620;30;70;67;231;;;
Argentina;Entre Rios;Feliciano;2017;entre rios norte;cria;1399;779;1834;435;620;30;70;67;231;;;
Argentina;Entre Rios;La Paz;2017;entre rios norte;cria;1399;779;1834;435;620;30;70;67;231;;;
Argentina;Entre Rios;Colon;2017;entre rios sw;invernada;2329;346;5934;3605;1982;59;284;-99999;482;;;
Argentina;Entre Rios;Diamante;2017;entre rios sw;invernada;2329;346;5934;3605;1982;59;284;-99999;482;;;
Argentina;Entre Rios;Gualeguay;2017;entre rios sw;invernada;2329;346;5934;3605;1982;59;284;-99999;482;;;
Argentina;Entre Rios;Gualeguaychu;2017;entre rios sw;invernada;2329;346;5934;3605;1982;59;284;-99999;482;;;
Argentina;Entre Rios;Nogoya;2017;entre rios sw;invernada;2329;346;5934;3605;1982;59;284;-99999;482;;;
Argentina;Entre Rios;Parana;2017;entre rios sw;invernada;2329;346;5934;3605;1982;59;284;-99999;482;;;
Argentina;Entre Rios;San Salvador;2017;entre rios sw;invernada;2329;346;5934;3605;1982;59;284;-99999;482;;;
Argentina;Entre Rios;Tala;2017;entre rios sw;invernada;2329;346;5934;3605;1982;59;284;-99999;482;;;
Argentina;Entre Rios;Uruguay;2017;entre rios sw;invernada;2329;346;5934;3605;1982;59;284;-99999;482;;;
Argentina;Entre Rios;Victoria;2017;entre rios sw;invernada;2329;346;5934;3605;1982;59;284;-99999;482;;;
Argentina;Entre Rios;Villaguay;2017;entre rios sw;invernada;2329;346;5934;3605;1982;59;284;-99999;482;;;
Argentina;Entre Rios;Islas Del Ibicuy;2017;islas de entre rios 1;invernada;689;376;1208;519;313;39;51;-99999;132;;;
Argentina;La Pampa;Caleu Caleu;2017;la pampa-san luis arida;cria;342;206;470;127;137;29;17;65;59;;;
Argentina;La Pampa;Chalileo;2017;la pampa-san luis arida;cria;342;206;470;127;137;29;17;65;59;;;
Argentina;La Pampa;Curaco;2017;la pampa-san luis arida;cria;342;206;470;127;137;29;17;65;59;;;
Argentina;La Pampa;Hucal;2017;la pampa-san luis arida;cria;342;206;470;127;137;29;17;65;59;;;
Argentina;La Pampa;Lihuel Calel;2017;la pampa-san luis arida;cria;342;206;470;127;137;29;17;65;59;;;
Argentina;La Pampa;Limay Mahuida;2017;la pampa-san luis arida;cria;342;206;470;127;137;29;17;65;59;;;
Argentina;La Pampa;Utracan;2017;la pampa-san luis arida;cria;342;206;470;127;137;29;17;65;59;;;
Argentina;San Luis;Ayacucho;2017;la pampa-san luis arida;cria;342;206;470;127;137;29;17;65;59;;;
Argentina;San Luis;Belgrano;2017;la pampa-san luis arida;cria;342;206;470;127;137;29;17;65;59;;;
Argentina;San Luis;Junin;2017;la pampa-san luis arida;cria;342;206;470;127;137;29;17;65;59;;;
Argentina;San Luis;Libertador General San Martin;2017;la pampa-san luis arida;cria;342;206;470;127;137;29;17;65;59;;;
Argentina;La Pampa;Guatrache;2017;la pampa-san luis semiarida;cria;694;472;983;289;221;31;34;70;109;;;
Argentina;La Pampa;Loventue;2017;la pampa-san luis semiarida;cria;694;472;983;289;221;31;34;70;109;;;
Argentina;La Pampa;Toay;2017;la pampa-san luis semiarida;cria;694;472;983;289;221;31;34;70;109;;;
Argentina;San Luis;Chacabuco;2017;la pampa-san luis semiarida;cria;694;472;983;289;221;31;34;70;109;;;
Argentina;San Luis;Coronel Pringles;2017;la pampa-san luis semiarida;cria;694;472;983;289;221;31;34;70;109;;;
Argentina;San Luis;La Capital;2017;la pampa-san luis semiarida;cria;694;472;983;289;221;31;34;70;109;;;
Argentina;Buenos Aires;Adolfo Alsina;2017;pampeana subhumeda;ciclo completo;1252;877;1835;583;374;35;65;75;186;;;
Argentina;Buenos Aires;Carlos Tejedor;2017;pampeana subhumeda;ciclo completo;1252;877;1835;583;374;35;65;75;186;;;
Argentina;Buenos Aires;General Villegas;2017;pampeana subhumeda;ciclo completo;1252;877;1835;583;374;35;65;75;186;;;
Argentina;Buenos Aires;Guamini;2017;pampeana subhumeda;ciclo completo;1252;877;1835;583;374;35;65;75;186;;;
Argentina;Buenos Aires;Pellegrini;2017;pampeana subhumeda;invernada;2216;359;5295;3078;1857;53;260;-99999;492;;;
Argentina;Buenos Aires;Rivadavia;2017;pampeana subhumeda;invernada;2216;359;5295;3078;1857;53;260;-99999;492;;;
Argentina;Buenos Aires;Salliquelo;2017;pampeana subhumeda;invernada;2216;359;5295;3078;1857;53;260;-99999;492;;;
Argentina;Buenos Aires;Trenque Lauquen;2017;pampeana subhumeda;ciclo completo;1252;877;1835;583;374;35;65;75;186;;;
Argentina;Buenos Aires;Tres Lomas;2017;pampeana subhumeda;invernada;2216;359;5295;3078;1857;53;260;-99999;492;;;
Argentina;Cordoba;General Roca;2017;pampeana subhumeda;invernada;2216;359;5295;3078;1857;53;260;-99999;492;;;
Argentina;Cordoba;Rio Cuarto;2017;pampeana subhumeda;ciclo completo;1252;877;1835;583;374;35;65;75;186;;;
Argentina;La Pampa;Atreuco;2017;pampeana subhumeda;ciclo completo;1252;877;1835;583;374;35;65;75;186;;;
Argentina;La Pampa;Capital;2017;pampeana subhumeda;ciclo completo;1252;877;1835;583;374;35;65;75;186;;;
Argentina;La Pampa;Catrilo;2017;pampeana subhumeda;invernada;2216;359;5295;3078;1857;53;260;-99999;492;;;
Argentina;La Pampa;Chapaleufu;2017;pampeana subhumeda;invernada;2216;359;5295;3078;1857;53;260;-99999;492;;;
Argentina;La Pampa;Conhelo;2017;pampeana subhumeda;invernada;2216;359;5295;3078;1857;53;260;-99999;492;;;
Argentina;La Pampa;Maraco;2017;pampeana subhumeda;invernada;2216;359;5295;3078;1857;53;260;-99999;492;;;
Argentina;La Pampa;Quemu Quemu;2017;pampeana subhumeda;invernada;2216;359;5295;3078;1857;53;260;-99999;492;;;
Argentina;La Pampa;Rancul;2017;pampeana subhumeda;invernada;2216;359;5295;3078;1857;53;260;-99999;492;;;
Argentina;La Pampa;Realico;2017;pampeana subhumeda;invernada;2216;359;5295;3078;1857;53;260;-99999;492;;;
Argentina;La Pampa;Trenel;2017;pampeana subhumeda;invernada;2216;359;5295;3078;1857;53;260;-99999;492;;;
Argentina;San Luis;General Pedernera;2017;pampeana subhumeda;ciclo completo;1252;877;1835;583;374;35;65;75;186;;;
Argentina;San Luis;Gobernador Dupuy;2017;pampeana subhumeda;ciclo completo;1252;877;1835;583;374;35;65;75;186;;;
Argentina;Salta;Cachi;2017;salta;cria;305;52;448;144;253;24;17;55;71;;;
Argentina;Salta;Cafayate;2017;salta;cria;305;52;448;144;253;24;17;55;71;;;
Argentina;Salta;Capital;2017;salta;cria;305;52;448;144;253;24;17;55;71;;;
Argentina;Salta;Cerrillos;2017;salta;cria;305;52;448;144;253;24;17;55;71;;;
Argentina;Salta;General Guemes;2017;salta;cria;305;52;448;144;253;24;17;55;71;;;
Argentina;Salta;General Jose De San Martin;2017;salta;cria;305;52;448;144;253;24;17;55;71;;;
Argentina;Salta;Guachipas;2017;salta;cria;305;52;448;144;253;24;17;55;71;;;
Argentina;Salta;La Caldera;2017;salta;cria;305;52;448;144;253;24;17;55;71;;;
Argentina;Salta;La Candelaria;2017;salta;cria;305;52;448;144;253;24;17;55;71;;;
Argentina;Salta;La Poma;2017;salta;cria;305;52;448;144;253;24;17;55;71;;;
Argentina;Salta;La Viña;2017;salta;cria;305;52;448;144;253;24;17;55;71;;;
Argentina;Salta;Rosario De La Frontera;2017;salta;cria;305;52;448;144;253;24;17;55;71;;;
Argentina;Santa Fe;Belgrano;2017;santa fe centro;invernada;1820;690;2931;1111;1130;39;125;-99999;322;;;
Argentina;Santa Fe;Castellanos;2017;santa fe centro;invernada;1820;690;2931;1111;1130;39;125;-99999;322;;;
Argentina;Santa Fe;Iriondo;2017;santa fe centro;invernada;1820;690;2931;1111;1130;39;125;-99999;322;;;
Argentina;Santa Fe;La Capital;2017;santa fe centro;invernada;1820;690;2931;1111;1130;39;125;-99999;322;;;
Argentina;Santa Fe;Las Colonias;2017;santa fe centro;invernada;1820;690;2931;1111;1130;39;125;-99999;322;;;
Argentina;Santa Fe;Rosario;2017;santa fe centro;invernada;1820;690;2931;1111;1130;39;125;-99999;322;;;
Argentina;Santa Fe;San Cristobal;2017;santa fe centro;invernada;1820;690;2931;1111;1130;39;125;-99999;322;;;
Argentina;Santa Fe;San Jeronimo;2017;santa fe centro;invernada;1820;690;2931;1111;1130;39;125;-99999;322;;;
Argentina;Santa Fe;San Lorenzo;2017;santa fe centro;invernada;1820;690;2931;1111;1130;39;125;-99999;322;;;
Argentina;Santa Fe;San Martin;2017;santa fe centro;invernada;1820;690;2931;1111;1130;39;125;-99999;322;;;
Argentina;Santiago Del Estero;Rivadavia;2017;santa fe centro;invernada;1820;690;2931;1111;1130;39;125;-99999;322;;;
Argentina;Santiago Del Estero;Aguirre;2017;santiago del estero;cria;534;122;733;198;412;27;27;60;101;;;
Argentina;Santiago Del Estero;Atamisqui;2017;santiago del estero;cria;534;122;733;198;412;27;27;60;101;;;
Argentina;Santiago Del Estero;Avellaneda;2017;santiago del estero;cria;534;122;733;198;412;27;27;60;101;;;
Argentina;Santiago Del Estero;Belgrano;2017;santiago del estero;cria;534;122;733;198;412;27;27;60;101;;;
Argentina;Santiago Del Estero;Capital;2017;santiago del estero;cria;534;122;733;198;412;27;27;60;101;;;
Argentina;Santiago Del Estero;Choya;2017;santiago del estero;cria;534;122;733;198;412;27;27;60;101;;;
Argentina;Santiago Del Estero;Figueroa;2017;santiago del estero;cria;534;122;733;198;412;27;27;60;101;;;
Argentina;Santiago Del Estero;Guayasan;2017;santiago del estero;cria;534;122;733;198;412;27;27;60;101;;;
Argentina;Santiago Del Estero;Jimenez;2017;santiago del estero;cria;534;122;733;198;412;27;27;60;101;;;
Argentina;Santiago Del Estero;Juan F. Ibarra;2017;santiago del estero;cria;534;122;733;198;412;27;27;60;101;;;
Argentina;Santiago Del Estero;La Banda;2017;santiago del estero;cria;534;122;733;198;412;27;27;60;101;;;
Argentina;Santiago Del Estero;Loreto;2017;santiago del estero;cria;534;122;733;198;412;27;27;60;101;;;
Argentina;Santiago Del Estero;Mitre;2017;santiago del estero;cria;534;122;733;198;412;27;27;60;101;;;
Argentina;Santiago Del Estero;Ojo De Agua;2017;santiago del estero;cria;534;122;733;198;412;27;27;60;101;;;
Argentina;Santiago Del Estero;Pellegrini;2017;santiago del estero;cria;534;122;733;198;412;27;27;60;101;;;
Argentina;Santiago Del Estero;Quebrachos;2017;santiago del estero;cria;534;122;733;198;412;27;27;60;101;;;
Argentina;Santiago Del Estero;Robles;2017;santiago del estero;cria;534;122;733;198;412;27;27;60;101;;;
Argentina;Santiago Del Estero;Salavina;2017;santiago del estero;cria;534;122;733;198;412;27;27;60;101;;;
Argentina;Santiago Del Estero;San Martin;2017;santiago del estero;cria;534;122;733;198;412;27;27;60;101;;;
Argentina;Santiago Del Estero;Sarmiento;2017;santiago del estero;cria;534;122;733;198;412;27;27;60;101;;;
Argentina;Santiago Del Estero;Silipica;2017;santiago del estero;cria;534;122;733;198;412;27;27;60;101;;;
Argentina;Chubut;Languineo;2017;patagonia - precordillera;cria;104;-8;215;110;112;38;7;78;19;;;
Argentina;Chubut;Tehuelches;2017;patagonia - precordillera;cria;104;-8;215;110;112;38;7;78;19;;;
Argentina;Chubut;Rio Senguer;2017;patagonia - precordillera;cria;104;-8;215;110;112;38;7;78;19;;;
Argentina;Corrientes;San Martin;2017;corrientes nor-este;ciclo completo;519;327;780;261;192;20;29;50;144;;;
Argentina;Corrientes;General Alvear;2017;corrientes nor-este;ciclo completo;519;327;780;261;192;20;29;50;144;;;
Argentina;Corrientes;Curuzu Cuatia;2017;corrientes centro sur;cria;1428;1174;1766;337;254;29;63;67;215;;;
Argentina;Corrientes;Mercedes;2017;corrientes centro sur;cria;1428;1174;1766;337;254;29;63;67;215;;;
Argentina;Corrientes;Sauce;2017;corrientes centro sur;cria;1428;1174;1766;337;254;29;63;67;215;;;
Argentina;Buenos Aires;Lezama;2017;cuenca del salado;cria;2395;1428;2750;355;967;31;92;72;293;;;
Argentina;Buenos Aires;Bolivar;2017;buenos aires centro-sudoeste;ciclo completo;1665;345;3066;1402;1319;35;117;69;336;;;
Argentina;Buenos Aires;Daireaux;2017;buenos aires centro-sudoeste;ciclo completo;1665;345;3066;1402;1319;35;117;69;336;;;
Argentina;Buenos Aires;Coronel Suarez;2017;buenos aires centro-sudoeste;ciclo completo;1665;345;3066;1402;1319;35;117;69;336;;;
Argentina;Cordoba;General San Martin;2017;centro cordoba sur;ciclo completo;2086;704;4019;1933;1383;38;157;65;416;;;
Argentina;Cordoba;Juarez Celman;2017;centro cordoba sur;ciclo completo;2086;704;4019;1933;1383;38;157;65;416;;;
Argentina;Cordoba;Marcos Juarez;2017;centro cordoba sur;ciclo completo;2086;704;4019;1933;1383;38;157;65;416;;;
Argentina;Cordoba;Presidente Roque Saenz Peña;2017;centro cordoba sur;ciclo completo;2086;704;4019;1933;1383;38;157;65;416;;;
Argentina;Cordoba;Rio Primero;2017;centro cordoba sur;ciclo completo;2086;704;4019;1933;1383;38;157;65;416;;;
Argentina;Cordoba;Rio Segundo;2017;centro cordoba sur;ciclo completo;2086;704;4019;1933;1383;38;157;65;416;;;
Argentina;Cordoba;San Justo;2017;centro cordoba sur;ciclo completo;2086;704;4019;1933;1383;38;157;65;416;;;
Argentina;Cordoba;Tercero Arriba;2017;centro cordoba sur;ciclo completo;2086;704;4019;1933;1383;38;157;65;416;;;
Argentina;Cordoba;Union;2017;centro cordoba sur;ciclo completo;2086;704;4019;1933;1383;38;157;65;416;;;
Argentina;Chaco;9 De Julio;2017;chaco humedo;ciclo completo;694;271;1099;405;423;24;46;60;195;;;
Argentina;Chaco;Chacabuco;2017;chaco humedo;ciclo completo;694;271;1099;405;423;24;46;60;195;;;
Argentina;Chaco;General Belgrano;2017;chaco humedo;ciclo completo;694;271;1099;405;423;24;46;60;195;;;
Argentina;Chaco;Presidencia De La Plaza;2017;chaco humedo;ciclo completo;694;271;1099;405;423;24;46;60;195;;;
Argentina;Chaco;San Fernando;2017;chaco humedo;ciclo completo;694;271;1099;405;423;24;46;60;195;;;
Argentina;Chaco;Sargento Cabral;2017;chaco humedo;ciclo completo;694;271;1099;405;423;24;46;60;195;;;
Argentina;Chaco;Tapenaga;2017;chaco humedo;ciclo completo;694;271;1099;405;423;24;46;60;195;;;
Argentina;Chaco;1 De Mayo;2017;chaco-formosa este;cria;509;130;683;173;379;23;28;60;122;;;
Argentina;Chaco;12 De Octubre;2017;chaco-formosa este;cria;509;130;683;173;379;23;28;60;122;;;
Argentina;Chaco;2 De Abril;2017;chaco-formosa este;cria;509;130;683;173;379;23;28;60;122;;;
Argentina;Chaco;25 De Mayo;2017;chaco-formosa este;cria;509;130;683;173;379;23;28;60;122;;;
Argentina;Chaco;Bermejo;2017;chaco-formosa este;cria;509;130;683;173;379;23;28;60;122;;;
Argentina;Chaco;Comandante Fernandez;2017;chaco-formosa este;cria;509;130;683;173;379;23;28;60;122;;;
Argentina;Chaco;Fray Justo Santa Maria De Oro;2017;chaco-formosa este;cria;509;130;683;173;379;23;28;60;122;;;
Argentina;Chaco;General Donovan;2017;chaco-formosa este;cria;509;130;683;173;379;23;28;60;122;;;
Argentina;Chaco;Independencia;2017;chaco-formosa este;cria;509;130;683;173;379;23;28;60;122;;;
Argentina;Chaco;Libertad;2017;chaco-formosa este;cria;509;130;683;173;379;23;28;60;122;;;
Argentina;Chaco;Libertador General San Martin;2017;chaco-formosa este;cria;509;130;683;173;379;23;28;60;122;;;
Argentina;Chaco;Maipu;2017;chaco-formosa este;cria;509;130;683;173;379;23;28;60;122;;;
Argentina;Chaco;Mayor Luis J Fontana;2017;chaco-formosa este;cria;509;130;683;173;379;23;28;60;122;;;
Argentina;Chaco;O'Higgins;2017;chaco-formosa este;cria;509;130;683;173;379;23;28;60;122;;;
Argentina;Chaco;Quitilipi;2017;chaco-formosa este;cria;509;130;683;173;379;23;28;60;122;;;
Argentina;Chaco;San Lorenzo;2017;chaco-formosa este;cria;509;130;683;173;379;23;28;60;122;;;
Argentina;Formosa;Formosa;2017;chaco-formosa este;cria;509;130;683;173;379;23;28;60;122;;;
Argentina;Formosa;Laishi;2017;chaco-formosa este;cria;509;130;683;173;379;23;28;60;122;;;
Argentina;Formosa;Pilagas;2017;chaco-formosa este;cria;509;130;683;173;379;23;28;60;122;;;
Argentina;Formosa;Pilcomayo;2017;chaco-formosa este;cria;509;130;683;173;379;23;28;60;122;;;
Argentina;Formosa;Pirane;2017;chaco-formosa este;cria;509;130;683;173;379;23;28;60;122;;;
Argentina;Chaco;Almirante Brown;2017;chaco-formosa oeste;cria;328;52;465;136;276;22;19;60;85;;;
Argentina;Chaco;General Guemes;2017;chaco-formosa oeste;cria;328;52;465;136;276;22;19;60;85;;;
Argentina;Formosa;Bermejo;2017;chaco-formosa oeste;cria;328;52;465;136;276;22;19;60;85;;;
Argentina;Formosa;Patiño;2017;chaco-formosa oeste;cria;328;52;465;136;276;22;19;60;85;;;
Argentina;Formosa;Ramon Lista;2017;chaco-formosa oeste;cria;328;52;465;136;276;22;19;60;85;;;
Argentina;Cordoba;Calamuchita;2017;cordoba norte;cria;581;164;737;156;418;29;30;65;103;;;
Argentina;Cordoba;Capital;2017;cordoba norte;cria;581;164;737;156;418;29;30;65;103;;;
Argentina;Cordoba;Colon;2017;cordoba norte;cria;581;164;737;156;418;29;30;65;103;;;
Argentina;Cordoba;Cruz Del Eje;2017;cordoba norte;cria;581;164;737;156;418;29;30;65;103;;;
Argentina;Cordoba;Ischilin;2017;cordoba norte;cria;581;164;737;156;418;29;30;65;103;;;
Argentina;Cordoba;Minas;2017;cordoba norte;cria;581;164;737;156;418;29;30;65;103;;;
Argentina;Cordoba;Pocho;2017;cordoba norte;cria;581;164;737;156;418;29;30;65;103;;;
Argentina;Cordoba;Punilla;2017;cordoba norte;cria;581;164;737;156;418;29;30;65;103;;;
Argentina;Cordoba;Rio Seco;2017;cordoba norte;cria;581;164;737;156;418;29;30;65;103;;;
Argentina;Cordoba;San Alberto;2017;cordoba norte;cria;581;164;737;156;418;29;30;65;103;;;
Argentina;Cordoba;San Javier;2017;cordoba norte;cria;581;164;737;156;418;29;30;65;103;;;
Argentina;Cordoba;Santa Maria;2017;cordoba norte;cria;581;164;737;156;418;29;30;65;103;;;
Argentina;Cordoba;Sobremonte;2017;cordoba norte;cria;581;164;737;156;418;29;30;65;103;;;
Argentina;Cordoba;Totoral;2017;cordoba norte;cria;581;164;737;156;418;29;30;65;103;;;
Argentina;Cordoba;Tulumba;2017;cordoba norte;cria;581;164;737;156;418;29;30;65;103;;;
Argentina;Corrientes;Bella Vista;2017;corrientes noroeste;cria;766;385;992;225;381;21;43;60;205;;;
Argentina;Corrientes;Capital;2017;corrientes noroeste;cria;766;385;992;225;381;21;43;60;205;;;
Argentina;Corrientes;Concepcion;2017;corrientes noroeste;cria;766;385;992;225;381;21;43;60;205;;;
Argentina;Corrientes;Empedrado;2017;corrientes noroeste;cria;766;385;992;225;381;21;43;60;205;;;
Argentina;Corrientes;General Paz;2017;corrientes noroeste;cria;766;385;992;225;381;21;43;60;205;;;
Argentina;Corrientes;Goya;2017;corrientes noroeste;cria;766;385;992;225;381;21;43;60;205;;;
Argentina;Corrientes;Ituzaingo;2017;corrientes noroeste;cria;766;385;992;225;381;21;43;60;205;;;
Argentina;Corrientes;Monte Caseros;2017;corrientes centro sur;cria;1234;997;1562;328;237;29;63;67;215;;;
Argentina;Corrientes;Paso De Los Libres;2017;corrientes nor-este;ciclo completo;417;240;672;255;177;20;29;50;144;;;
Argentina;Corrientes;Saladas;2017;corrientes noroeste;cria;766;385;992;225;381;21;43;60;205;;;
Argentina;Corrientes;San Luis Del Palmar;2017;corrientes noroeste;cria;766;385;992;225;381;21;43;60;205;;;
Argentina;Corrientes;San Miguel;2017;corrientes noroeste;cria;766;385;992;225;381;21;43;60;205;;;
Argentina;Corrientes;San Roque;2017;corrientes noroeste;cria;766;385;992;225;381;21;43;60;205;;;
Argentina;Santa Fe;General Obligado;2017;corrientes noroeste;cria;766;385;992;225;381;21;43;60;205;;;
Argentina;Buenos Aires;25 De Mayo;2017;cuenca del salado;cria;2029;1126;2367;338;903;31;92;72;293;;;
Argentina;Buenos Aires;Adolfo Gonzales Chaves;2017;cuenca del salado;cria;2029;1126;2367;338;903;31;92;72;293;;;
Argentina;Buenos Aires;Ayacucho;2017;cuenca del salado;cria;2029;1126;2367;338;903;31;92;72;293;;;
Argentina;Buenos Aires;Azul;2017;cuenca del salado;cria;2029;1126;2367;338;903;31;92;72;293;;;
Argentina;Buenos Aires;Brandsen;2017;cuenca del salado;cria;2029;1126;2367;338;903;31;92;72;293;;;
Argentina;Buenos Aires;Cañuelas;2017;cuenca del salado;cria;2029;1126;2367;338;903;31;92;72;293;;;
Argentina;Buenos Aires;Castelli;2017;cuenca del salado;cria;2029;1126;2367;338;903;31;92;72;293;;;
Argentina;Buenos Aires;Chascomus;2017;cuenca del salado;cria;2029;1126;2367;338;903;31;92;72;293;;;
Argentina;Buenos Aires;Dolores;2017;cuenca del salado;cria;2029;1126;2367;338;903;31;92;72;293;;;
Argentina;Buenos Aires;General Alvear;2017;cuenca del salado;cria;2029;1126;2367;338;903;31;92;72;293;;;
Argentina;Buenos Aires;General Belgrano;2017;cuenca del salado;cria;2029;1126;2367;338;903;31;92;72;293;;;
Argentina;Buenos Aires;General Guido;2017;cuenca del salado;cria;2029;1126;2367;338;903;31;92;72;293;;;
Argentina;Buenos Aires;General Lamadrid;2017;cuenca del salado;cria;2029;1126;2367;338;903;31;92;72;293;;;
Argentina;Buenos Aires;General Las Heras;2017;cuenca del salado;cria;2029;1126;2367;338;903;31;92;72;293;;;
Argentina;Buenos Aires;General Lavalle;2017;cuenca del salado;cria;2029;1126;2367;338;903;31;92;72;293;;;
Argentina;Buenos Aires;General Juan Madariaga;2017;cuenca del salado;cria;2029;1126;2367;338;903;31;92;72;293;;;
Argentina;Buenos Aires;General Paz;2017;cuenca del salado;cria;2029;1126;2367;338;903;31;92;72;293;;;
Argentina;Buenos Aires;La Plata;2017;cuenca del salado;cria;2029;1126;2367;338;903;31;92;72;293;;;
Argentina;Buenos Aires;Laprida;2017;cuenca del salado;cria;2029;1126;2367;338;903;31;92;72;293;;;
Argentina;Buenos Aires;Las Flores;2017;cuenca del salado;cria;2029;1126;2367;338;903;31;92;72;293;;;
Argentina;Buenos Aires;Lobos;2017;cuenca del salado;cria;2029;1126;2367;338;903;31;92;72;293;;;
Argentina;Buenos Aires;Magdalena;2017;cuenca del salado;cria;2029;1126;2367;338;903;31;92;72;293;;;
Argentina;Buenos Aires;Maipu;2017;cuenca del salado;cria;2029;1126;2367;338;903;31;92;72;293;;;
Argentina;Buenos Aires;Mar Chiquita;2017;cuenca del salado;cria;2029;1126;2367;338;903;31;92;72;293;;;
Argentina;Buenos Aires;Marcos Paz;2017;cuenca del salado;cria;2029;1126;2367;338;903;31;92;72;293;;;
Argentina;Buenos Aires;Monte;2017;cuenca del salado;cria;2029;1126;2367;338;903;31;92;72;293;;;
Argentina;Buenos Aires;Navarro;2017;cuenca del salado;cria;2029;1126;2367;338;903;31;92;72;293;;;
Argentina;Buenos Aires;Olavarria;2017;cuenca del salado;cria;2029;1126;2367;338;903;31;92;72;293;;;
Argentina;Buenos Aires;Pila;2017;cuenca del salado;cria;2029;1126;2367;338;903;31;92;72;293;;;
Argentina;Buenos Aires;Punta Indio;2017;cuenca del salado;cria;2029;1126;2367;338;903;31;92;72;293;;;
Argentina;Buenos Aires;Rauch;2017;cuenca del salado;cria;2029;1126;2367;338;903;31;92;72;293;;;
Argentina;Buenos Aires;Roque Perez;2017;cuenca del salado;cria;2029;1126;2367;338;903;31;92;72;293;;;
Argentina;Buenos Aires;Saladillo;2017;cuenca del salado;cria;2029;1126;2367;338;903;31;92;72;293;;;
Argentina;Buenos Aires;San Vicente;2017;cuenca del salado;cria;2029;1126;2367;338;903;31;92;72;293;;;
Argentina;Buenos Aires;Tapalque;2017;cuenca del salado;cria;2029;1126;2367;338;903;31;92;72;293;;;
Argentina;Buenos Aires;Tordillo;2017;cuenca del salado;cria;2029;1126;2367;338;903;31;92;72;293;;;
Argentina;Entre Rios;Concordia;2017;entre rios norte;cria;1260;676;1606;347;584;30;70;67;231;;;
Argentina;Entre Rios;Federacion;2017;entre rios norte;cria;1260;676;1606;347;584;30;70;67;231;;;
Argentina;Entre Rios;Federal;2017;entre rios norte;cria;1260;676;1606;347;584;30;70;67;231;;;
Argentina;Entre Rios;Feliciano;2017;entre rios norte;cria;1260;676;1606;347;584;30;70;67;231;;;
Argentina;Entre Rios;La Paz;2017;entre rios norte;cria;1260;676;1606;347;584;30;70;67;231;;;
Argentina;Entre Rios;Colon;2017;entre rios sw;invernada;2536;667;5980;3444;1869;59;284;-99999;482;;;
Argentina;Entre Rios;Diamante;2017;entre rios sw;invernada;2536;667;5980;3444;1869;59;284;-99999;482;;;
Argentina;Entre Rios;Gualeguay;2017;entre rios sw;invernada;2536;667;5980;3444;1869;59;284;-99999;482;;;
Argentina;Entre Rios;Gualeguaychu;2017;entre rios sw;invernada;2536;667;5980;3444;1869;59;284;-99999;482;;;
Argentina;Entre Rios;Nogoya;2017;entre rios sw;invernada;2536;667;5980;3444;1869;59;284;-99999;482;;;
Argentina;Entre Rios;Parana;2017;entre rios sw;invernada;2536;667;5980;3444;1869;59;284;-99999;482;;;
Argentina;Entre Rios;San Salvador;2017;entre rios sw;invernada;2536;667;5980;3444;1869;59;284;-99999;482;;;
Argentina;Entre Rios;Tala;2017;entre rios sw;invernada;2536;667;5980;3444;1869;59;284;-99999;482;;;
Argentina;Entre Rios;Uruguay;2017;entre rios sw;invernada;2536;667;5980;3444;1869;59;284;-99999;482;;;
Argentina;Entre Rios;Victoria;2017;entre rios sw;invernada;2536;667;5980;3444;1869;59;284;-99999;482;;;
Argentina;Entre Rios;Villaguay;2017;entre rios sw;invernada;2536;667;5980;3444;1869;59;284;-99999;482;;;
Argentina;Entre Rios;Islas Del Ibicuy;2017;islas de entre rios 1;invernada;635;337;1139;503;298;39;51;-99999;132;;;
Argentina;La Pampa;Caleu Caleu;2017;la pampa-san luis arida;cria;315;184;402;87;130;29;17;65;59;;;
Argentina;La Pampa;Chalileo;2017;la pampa-san luis arida;cria;315;184;402;87;130;29;17;65;59;;;
Argentina;La Pampa;Curaco;2017;la pampa-san luis arida;cria;315;184;402;87;130;29;17;65;59;;;
Argentina;La Pampa;Hucal;2017;la pampa-san luis arida;cria;315;184;402;87;130;29;17;65;59;;;
Argentina;La Pampa;Lihuel Calel;2017;la pampa-san luis arida;cria;315;184;402;87;130;29;17;65;59;;;
Argentina;La Pampa;Limay Mahuida;2017;la pampa-san luis arida;cria;315;184;402;87;130;29;17;65;59;;;
Argentina;La Pampa;Utracan;2017;la pampa-san luis arida;cria;315;184;402;87;130;29;17;65;59;;;
Argentina;San Luis;Ayacucho;2017;la pampa-san luis arida;cria;315;184;402;87;130;29;17;65;59;;;
Argentina;San Luis;Belgrano;2017;la pampa-san luis arida;cria;315;184;402;87;130;29;17;65;59;;;
Argentina;San Luis;Junin;2017;la pampa-san luis arida;cria;315;184;402;87;130;29;17;65;59;;;
Argentina;San Luis;Libertador General San Martin;2017;la pampa-san luis arida;cria;315;184;402;87;130;29;17;65;59;;;
Argentina;La Pampa;Guatrache;2017;la pampa-san luis semiarida;cria;565;355;845;280;210;31;34;70;109;;;
Argentina;La Pampa;Loventue;2017;la pampa-san luis semiarida;cria;565;355;845;280;210;31;34;70;109;;;
Argentina;La Pampa;Toay;2017;la pampa-san luis semiarida;cria;565;355;845;280;210;31;34;70;109;;;
Argentina;San Luis;Chacabuco;2017;la pampa-san luis semiarida;cria;565;355;845;280;210;31;34;70;109;;;
Argentina;San Luis;Coronel Pringles;2017;la pampa-san luis semiarida;cria;565;355;845;280;210;31;34;70;109;;;
Argentina;San Luis;La Capital;2017;la pampa-san luis semiarida;cria;565;355;845;280;210;31;34;70;109;;;
Argentina;Buenos Aires;Adolfo Alsina;2017;pampeana subhumeda;ciclo completo;1113;763;1684;571;350;35;65;75;186;;;
Argentina;Buenos Aires;Carlos Tejedor;2017;pampeana subhumeda;ciclo completo;1113;763;1684;571;350;35;65;75;186;;;
Argentina;Buenos Aires;General Villegas;2017;pampeana subhumeda;ciclo completo;1113;763;1684;571;350;35;65;75;186;;;
Argentina;Buenos Aires;Guamini;2017;pampeana subhumeda;ciclo completo;1113;763;1684;571;350;35;65;75;186;;;
Argentina;Buenos Aires;Pellegrini;2017;pampeana subhumeda;invernada;2745;1003;5686;2941;1741;53;260;-99999;492;;;
Argentina;Buenos Aires;Rivadavia;2017;pampeana subhumeda;invernada;2745;1003;5686;2941;1741;53;260;-99999;492;;;
Argentina;Buenos Aires;Salliquelo;2017;pampeana subhumeda;invernada;2745;1003;5686;2941;1741;53;260;-99999;492;;;
Argentina;Buenos Aires;Trenque Lauquen;2017;pampeana subhumeda;ciclo completo;1113;763;1684;571;350;35;65;75;186;;;
Argentina;Buenos Aires;Tres Lomas;2017;pampeana subhumeda;invernada;2745;1003;5686;2941;1741;53;260;-99999;492;;;
Argentina;Cordoba;General Roca;2017;pampeana subhumeda;invernada;2745;1003;5686;2941;1741;53;260;-99999;492;;;
Argentina;Cordoba;Rio Cuarto;2017;pampeana subhumeda;ciclo completo;1113;763;1684;571;350;35;65;75;186;;;
Argentina;La Pampa;Atreuco;2017;pampeana subhumeda;ciclo completo;1113;763;1684;571;350;35;65;75;186;;;
Argentina;La Pampa;Capital;2017;pampeana subhumeda;ciclo completo;1113;763;1684;571;350;35;65;75;186;;;
Argentina;La Pampa;Catrilo;2017;pampeana subhumeda;invernada;2745;1003;5686;2941;1741;53;260;-99999;492;;;
Argentina;La Pampa;Chapaleufu;2017;pampeana subhumeda;invernada;2745;1003;5686;2941;1741;53;260;-99999;492;;;
Argentina;La Pampa;Conhelo;2017;pampeana subhumeda;invernada;2745;1003;5686;2941;1741;53;260;-99999;492;;;
Argentina;La Pampa;Maraco;2017;pampeana subhumeda;invernada;2745;1003;5686;2941;1741;53;260;-99999;492;;;
Argentina;La Pampa;Quemu Quemu;2017;pampeana subhumeda;invernada;2745;1003;5686;2941;1741;53;260;-99999;492;;;
Argentina;La Pampa;Rancul;2017;pampeana subhumeda;invernada;2745;1003;5686;2941;1741;53;260;-99999;492;;;
Argentina;La Pampa;Realico;2017;pampeana subhumeda;invernada;2745;1003;5686;2941;1741;53;260;-99999;492;;;
Argentina;La Pampa;Trenel;2017;pampeana subhumeda;invernada;2745;1003;5686;2941;1741;53;260;-99999;492;;;
Argentina;San Luis;General Pedernera;2017;pampeana subhumeda;ciclo completo;1113;763;1684;571;350;35;65;75;186;;;
Argentina;San Luis;Gobernador Dupuy;2017;pampeana subhumeda;ciclo completo;1113;763;1684;571;350;35;65;75;186;;;
Argentina;Salta;Cachi;2017;salta;cria;269;27;410;141;242;24;17;55;71;;;
Argentina;Salta;Cafayate;2017;salta;cria;269;27;410;141;242;24;17;55;71;;;
Argentina;Salta;Capital;2017;salta;cria;269;27;410;141;242;24;17;55;71;;;
Argentina;Salta;Cerrillos;2017;salta;cria;269;27;410;141;242;24;17;55;71;;;
Argentina;Salta;General Guemes;2017;salta;cria;269;27;410;141;242;24;17;55;71;;;
Argentina;Salta;General Jose De San Martin;2017;salta;cria;269;27;410;141;242;24;17;55;71;;;
Argentina;Salta;Guachipas;2017;salta;cria;269;27;410;141;242;24;17;55;71;;;
Argentina;Salta;La Caldera;2017;salta;cria;269;27;410;141;242;24;17;55;71;;;
Argentina;Salta;La Candelaria;2017;salta;cria;269;27;410;141;242;24;17;55;71;;;
Argentina;Salta;La Poma;2017;salta;cria;269;27;410;141;242;24;17;55;71;;;
Argentina;Salta;La Viña;2017;salta;cria;269;27;410;141;242;24;17;55;71;;;
Argentina;Salta;Rosario De La Frontera;2017;salta;cria;269;27;410;141;242;24;17;55;71;;;
Argentina;Santa Fe;Belgrano;2017;santa fe centro;invernada;1103;138;1708;605;965;40;75;-99999;189;;;
Argentina;Santa Fe;Castellanos;2017;santa fe centro;invernada;1103;138;1708;605;965;40;75;-99999;189;;;
Argentina;Santa Fe;Iriondo;2017;santa fe centro;invernada;1103;138;1708;605;965;40;75;-99999;189;;;
Argentina;Santa Fe;La Capital;2017;santa fe centro;invernada;1103;138;1708;605;965;40;75;-99999;189;;;
Argentina;Santa Fe;Las Colonias;2017;santa fe centro;invernada;1103;138;1708;605;965;40;75;-99999;189;;;
Argentina;Santa Fe;Rosario;2017;santa fe centro;invernada;1103;138;1708;605;965;40;75;-99999;189;;;
Argentina;Santa Fe;San Cristobal;2017;santa fe centro;invernada;1103;138;1708;605;965;40;75;-99999;189;;;
Argentina;Santa Fe;San Jeronimo;2017;santa fe centro;invernada;1103;138;1708;605;965;40;75;-99999;189;;;
Argentina;Santa Fe;San Lorenzo;2017;santa fe centro;invernada;1103;138;1708;605;965;40;75;-99999;189;;;
Argentina;Santa Fe;San Martin;2017;santa fe centro;invernada;1103;138;1708;605;965;40;75;-99999;189;;;
Argentina;Santiago Del Estero;Rivadavia;2017;santa fe centro;invernada;1103;138;1708;605;965;40;75;-99999;189;;;
Argentina;Santiago Del Estero;Aguirre;2017;santiago del estero;cria;481;90;675;194;390;27;27;60;101;;;
Argentina;Santiago Del Estero;Atamisqui;2017;santiago del estero;cria;481;90;675;194;390;27;27;60;101;;;
Argentina;Santiago Del Estero;Avellaneda;2017;santiago del estero;cria;481;90;675;194;390;27;27;60;101;;;
Argentina;Santiago Del Estero;Belgrano;2017;santiago del estero;cria;481;90;675;194;390;27;27;60;101;;;
Argentina;Santiago Del Estero;Capital;2017;santiago del estero;cria;481;90;675;194;390;27;27;60;101;;;
Argentina;Santiago Del Estero;Choya;2017;santiago del estero;cria;481;90;675;194;390;27;27;60;101;;;
Argentina;Santiago Del Estero;Figueroa;2017;santiago del estero;cria;481;90;675;194;390;27;27;60;101;;;
Argentina;Santiago Del Estero;Guayasan;2017;santiago del estero;cria;481;90;675;194;390;27;27;60;101;;;
Argentina;Santiago Del Estero;Jimenez;2017;santiago del estero;cria;481;90;675;194;390;27;27;60;101;;;
Argentina;Santiago Del Estero;Juan F. Ibarra;2017;santiago del estero;cria;481;90;675;194;390;27;27;60;101;;;
Argentina;Santiago Del Estero;La Banda;2017;santiago del estero;cria;481;90;675;194;390;27;27;60;101;;;
Argentina;Santiago Del Estero;Loreto;2017;santiago del estero;cria;481;90;675;194;390;27;27;60;101;;;
Argentina;Santiago Del Estero;Mitre;2017;santiago del estero;cria;481;90;675;194;390;27;27;60;101;;;
Argentina;Santiago Del Estero;Ojo De Agua;2017;santiago del estero;cria;481;90;675;194;390;27;27;60;101;;;
Argentina;Santiago Del Estero;Pellegrini;2017;santiago del estero;cria;481;90;675;194;390;27;27;60;101;;;
Argentina;Santiago Del Estero;Quebrachos;2017;santiago del estero;cria;481;90;675;194;390;27;27;60;101;;;
Argentina;Santiago Del Estero;Robles;2017;santiago del estero;cria;481;90;675;194;390;27;27;60;101;;;
Argentina;Santiago Del Estero;Salavina;2017;santiago del estero;cria;481;90;675;194;390;27;27;60;101;;;
Argentina;Santiago Del Estero;San Martin;2017;santiago del estero;cria;481;90;675;194;390;27;27;60;101;;;
Argentina;Santiago Del Estero;Sarmiento;2017;santiago del estero;cria;481;90;675;194;390;27;27;60;101;;;
Argentina;Santiago Del Estero;Silipica;2017;santiago del estero;cria;481;90;675;194;390;27;27;60;101;;;
Argentina;Chubut;Languineo;2017;patagonia - precordillera;cria;95;-12;205;110;107;38;7;78;19;;;
Argentina;Chubut;Tehuelches;2017;patagonia - precordillera;cria;95;-12;205;110;107;38;7;78;19;;;
Argentina;Chubut;Rio Senguer;2017;patagonia - precordillera;cria;95;-12;205;110;107;38;7;78;19;;;
Argentina;Corrientes;San Martin;2017;corrientes nor-este;ciclo completo;417;240;672;255;177;20;29;50;144;;;
Argentina;Corrientes;General Alvear;2017;corrientes nor-este;ciclo completo;417;240;672;255;177;20;29;50;144;;;
Argentina;Corrientes;Curuzu Cuatia;2017;corrientes centro sur;cria;1234;997;1562;328;237;29;63;67;215;;;
Argentina;Corrientes;Mercedes;2017;corrientes centro sur;cria;1234;997;1562;328;237;29;63;67;215;;;
Argentina;Corrientes;Sauce;2017;corrientes centro sur;cria;1234;997;1562;328;237;29;63;67;215;;;
Argentina;Buenos Aires;Lezama;2017;cuenca del salado;cria;2029;1126;2367;338;903;31;92;72;293;;;
Argentina;Buenos Aires;Bolivar;2016;buenos aires centro-sudoeste;ciclo completo;1457;203;2776;1319;1254;35;117;69;336;;;
Argentina;Buenos Aires;Daireaux;2016;buenos aires centro-sudoeste;ciclo completo;1457;203;2776;1319;1254;35;117;69;336;;;
Argentina;Buenos Aires;Coronel Suarez;2016;buenos aires centro-sudoeste;ciclo completo;1457;203;2776;1319;1254;35;117;69;336;;;
Argentina;Cordoba;General San Martin;2016;centro cordoba sur;ciclo completo;1861;563;3647;1786;1298;38;157;65;416;;;
Argentina;Cordoba;Juarez Celman;2016;centro cordoba sur;ciclo completo;1861;563;3647;1786;1298;38;157;65;416;;;
Argentina;Cordoba;Marcos Juarez;2016;centro cordoba sur;ciclo completo;1861;563;3647;1786;1298;38;157;65;416;;;
Argentina;Cordoba;Presidente Roque Saenz Peña;2016;centro cordoba sur;ciclo completo;1861;563;3647;1786;1298;38;157;65;416;;;
Argentina;Cordoba;Rio Primero;2016;centro cordoba sur;ciclo completo;1861;563;3647;1786;1298;38;157;65;416;;;
Argentina;Cordoba;Rio Segundo;2016;centro cordoba sur;ciclo completo;1861;563;3647;1786;1298;38;157;65;416;;;
Argentina;Cordoba;San Justo;2016;centro cordoba sur;ciclo completo;1861;563;3647;1786;1298;38;157;65;416;;;
Argentina;Cordoba;Tercero Arriba;2016;centro cordoba sur;ciclo completo;1861;563;3647;1786;1298;38;157;65;416;;;
Argentina;Cordoba;Union;2016;centro cordoba sur;ciclo completo;1861;563;3647;1786;1298;38;157;65;416;;;
Argentina;Chaco;9 De Julio;2016;chaco humedo;ciclo completo;635;224;1028;392;412;24;46;60;195;;;
Argentina;Chaco;Chacabuco;2016;chaco humedo;ciclo completo;635;224;1028;392;412;24;46;60;195;;;
Argentina;Chaco;General Belgrano;2016;chaco humedo;ciclo completo;635;224;1028;392;412;24;46;60;195;;;
Argentina;Chaco;Presidencia De La Plaza;2016;chaco humedo;ciclo completo;635;224;1028;392;412;24;46;60;195;;;
Argentina;Chaco;San Fernando;2016;chaco humedo;ciclo completo;635;224;1028;392;412;24;46;60;195;;;
Argentina;Chaco;Sargento Cabral;2016;chaco humedo;ciclo completo;635;224;1028;392;412;24;46;60;195;;;
Argentina;Chaco;Tapenaga;2016;chaco humedo;ciclo completo;635;224;1028;392;412;24;46;60;195;;;
Argentina;Chaco;1 De Mayo;2016;chaco-formosa este;cria;522;157;687;165;365;23;28;60;122;;;
Argentina;Chaco;12 De Octubre;2016;chaco-formosa este;cria;522;157;687;165;365;23;28;60;122;;;
Argentina;Chaco;2 De Abril;2016;chaco-formosa este;cria;522;157;687;165;365;23;28;60;122;;;
Argentina;Chaco;25 De Mayo;2016;chaco-formosa este;cria;522;157;687;165;365;23;28;60;122;;;
Argentina;Chaco;Bermejo;2016;chaco-formosa este;cria;522;157;687;165;365;23;28;60;122;;;
Argentina;Chaco;Comandante Fernandez;2016;chaco-formosa este;cria;522;157;687;165;365;23;28;60;122;;;
Argentina;Chaco;Fray Justo Santa Maria De Oro;2016;chaco-formosa este;cria;522;157;687;165;365;23;28;60;122;;;
Argentina;Chaco;General Donovan;2016;chaco-formosa este;cria;522;157;687;165;365;23;28;60;122;;;
Argentina;Chaco;Independencia;2016;chaco-formosa este;cria;522;157;687;165;365;23;28;60;122;;;
Argentina;Chaco;Libertad;2016;chaco-formosa este;cria;522;157;687;165;365;23;28;60;122;;;
Argentina;Chaco;Libertador General San Martin;2016;chaco-formosa este;cria;522;157;687;165;365;23;28;60;122;;;
Argentina;Chaco;Maipu;2016;chaco-formosa este;cria;522;157;687;165;365;23;28;60;122;;;
Argentina;Chaco;Mayor Luis J Fontana;2016;chaco-formosa este;cria;522;157;687;165;365;23;28;60;122;;;
Argentina;Chaco;O'Higgins;2016;chaco-formosa este;cria;522;157;687;165;365;23;28;60;122;;;
Argentina;Chaco;Quitilipi;2016;chaco-formosa este;cria;522;157;687;165;365;23;28;60;122;;;
Argentina;Chaco;San Lorenzo;2016;chaco-formosa este;cria;522;157;687;165;365;23;28;60;122;;;
Argentina;Formosa;Formosa;2016;chaco-formosa este;cria;522;157;687;165;365;23;28;60;122;;;
Argentina;Formosa;Laishi;2016;chaco-formosa este;cria;522;157;687;165;365;23;28;60;122;;;
Argentina;Formosa;Pilagas;2016;chaco-formosa este;cria;522;157;687;165;365;23;28;60;122;;;
Argentina;Formosa;Pilcomayo;2016;chaco-formosa este;cria;522;157;687;165;365;23;28;60;122;;;
Argentina;Formosa;Pirane;2016;chaco-formosa este;cria;522;157;687;165;365;23;28;60;122;;;
Argentina;Chaco;Almirante Brown;2016;chaco-formosa oeste;cria;337;70;468;131;267;22;19;60;85;;;
Argentina;Chaco;General Guemes;2016;chaco-formosa oeste;cria;337;70;468;131;267;22;19;60;85;;;
Argentina;Formosa;Bermejo;2016;chaco-formosa oeste;cria;337;70;468;131;267;22;19;60;85;;;
Argentina;Formosa;Patiño;2016;chaco-formosa oeste;cria;337;70;468;131;267;22;19;60;85;;;
Argentina;Formosa;Ramon Lista;2016;chaco-formosa oeste;cria;337;70;468;131;267;22;19;60;85;;;
Argentina;Cordoba;Calamuchita;2016;cordoba norte;cria;588;203;731;144;385;29;30;65;103;;;
Argentina;Cordoba;Capital;2016;cordoba norte;cria;588;203;731;144;385;29;30;65;103;;;
Argentina;Cordoba;Colon;2016;cordoba norte;cria;588;203;731;144;385;29;30;65;103;;;
Argentina;Cordoba;Cruz Del Eje;2016;cordoba norte;cria;588;203;731;144;385;29;30;65;103;;;
Argentina;Cordoba;Ischilin;2016;cordoba norte;cria;588;203;731;144;385;29;30;65;103;;;
Argentina;Cordoba;Minas;2016;cordoba norte;cria;588;203;731;144;385;29;30;65;103;;;
Argentina;Cordoba;Pocho;2016;cordoba norte;cria;588;203;731;144;385;29;30;65;103;;;
Argentina;Cordoba;Punilla;2016;cordoba norte;cria;588;203;731;144;385;29;30;65;103;;;
Argentina;Cordoba;Rio Seco;2016;cordoba norte;cria;588;203;731;144;385;29;30;65;103;;;
Argentina;Cordoba;San Alberto;2016;cordoba norte;cria;588;203;731;144;385;29;30;65;103;;;
Argentina;Cordoba;San Javier;2016;cordoba norte;cria;588;203;731;144;385;29;30;65;103;;;
Argentina;Cordoba;Santa Maria;2016;cordoba norte;cria;588;203;731;144;385;29;30;65;103;;;
Argentina;Cordoba;Sobremonte;2016;cordoba norte;cria;588;203;731;144;385;29;30;65;103;;;
Argentina;Cordoba;Totoral;2016;cordoba norte;cria;588;203;731;144;385;29;30;65;103;;;
Argentina;Cordoba;Tulumba;2016;cordoba norte;cria;588;203;731;144;385;29;30;65;103;;;
Argentina;Corrientes;Bella Vista;2016;corrientes noroeste;cria;778;413;992;214;366;21;43;60;205;;;
Argentina;Corrientes;Capital;2016;corrientes noroeste;cria;778;413;992;214;366;21;43;60;205;;;
Argentina;Corrientes;Concepcion;2016;corrientes noroeste;cria;778;413;992;214;366;21;43;60;205;;;
Argentina;Corrientes;Empedrado;2016;corrientes noroeste;cria;778;413;992;214;366;21;43;60;205;;;
Argentina;Corrientes;General Paz;2016;corrientes noroeste;cria;778;413;992;214;366;21;43;60;205;;;
Argentina;Corrientes;Goya;2016;corrientes noroeste;cria;778;413;992;214;366;21;43;60;205;;;
Argentina;Corrientes;Ituzaingo;2016;corrientes noroeste;cria;778;413;992;214;366;21;43;60;205;;;
Argentina;Corrientes;Monte Caseros;2016;corrientes centro sur;cria;1265;1044;1577;312;221;29;63;67;215;;;
Argentina;Corrientes;Paso De Los Libres;2016;corrientes nor-este;ciclo completo;417;247;663;246;170;20;29;50;144;;;
Argentina;Corrientes;Saladas;2016;corrientes noroeste;cria;778;413;992;214;366;21;43;60;205;;;
Argentina;Corrientes;San Luis Del Palmar;2016;corrientes noroeste;cria;778;413;992;214;366;21;43;60;205;;;
Argentina;Corrientes;San Miguel;2016;corrientes noroeste;cria;778;413;992;214;366;21;43;60;205;;;
Argentina;Corrientes;San Roque;2016;corrientes noroeste;cria;778;413;992;214;366;21;43;60;205;;;
Argentina;Santa Fe;General Obligado;2016;corrientes noroeste;cria;778;413;992;214;366;21;43;60;205;;;
Argentina;Buenos Aires;25 De Mayo;2016;cuenca del salado;cria;2145;1330;2462;318;815;31;92;72;293;;;
Argentina;Buenos Aires;Adolfo Gonzales Chaves;2016;cuenca del salado;cria;2145;1330;2462;318;815;31;92;72;293;;;
Argentina;Buenos Aires;Ayacucho;2016;cuenca del salado;cria;2145;1330;2462;318;815;31;92;72;293;;;
Argentina;Buenos Aires;Azul;2016;cuenca del salado;cria;2145;1330;2462;318;815;31;92;72;293;;;
Argentina;Buenos Aires;Brandsen;2016;cuenca del salado;cria;2145;1330;2462;318;815;31;92;72;293;;;
Argentina;Buenos Aires;Cañuelas;2016;cuenca del salado;cria;2145;1330;2462;318;815;31;92;72;293;;;
Argentina;Buenos Aires;Castelli;2016;cuenca del salado;cria;2145;1330;2462;318;815;31;92;72;293;;;
Argentina;Buenos Aires;Chascomus;2016;cuenca del salado;cria;2145;1330;2462;318;815;31;92;72;293;;;
Argentina;Buenos Aires;Dolores;2016;cuenca del salado;cria;2145;1330;2462;318;815;31;92;72;293;;;
Argentina;Buenos Aires;General Alvear;2016;cuenca del salado;cria;2145;1330;2462;318;815;31;92;72;293;;;
Argentina;Buenos Aires;General Belgrano;2016;cuenca del salado;cria;2145;1330;2462;318;815;31;92;72;293;;;
Argentina;Buenos Aires;General Guido;2016;cuenca del salado;cria;2145;1330;2462;318;815;31;92;72;293;;;
Argentina;Buenos Aires;General Lamadrid;2016;cuenca del salado;cria;2145;1330;2462;318;815;31;92;72;293;;;
Argentina;Buenos Aires;General Las Heras;2016;cuenca del salado;cria;2145;1330;2462;318;815;31;92;72;293;;;
Argentina;Buenos Aires;General Lavalle;2016;cuenca del salado;cria;2145;1330;2462;318;815;31;92;72;293;;;
Argentina;Buenos Aires;General Juan Madariaga;2016;cuenca del salado;cria;2145;1330;2462;318;815;31;92;72;293;;;
Argentina;Buenos Aires;General Paz;2016;cuenca del salado;cria;2145;1330;2462;318;815;31;92;72;293;;;
Argentina;Buenos Aires;La Plata;2016;cuenca del salado;cria;2145;1330;2462;318;815;31;92;72;293;;;
Argentina;Buenos Aires;Laprida;2016;cuenca del salado;cria;2145;1330;2462;318;815;31;92;72;293;;;
Argentina;Buenos Aires;Las Flores;2016;cuenca del salado;cria;2145;1330;2462;318;815;31;92;72;293;;;
Argentina;Buenos Aires;Lobos;2016;cuenca del salado;cria;2145;1330;2462;318;815;31;92;72;293;;;
Argentina;Buenos Aires;Magdalena;2016;cuenca del salado;cria;2145;1330;2462;318;815;31;92;72;293;;;
Argentina;Buenos Aires;Maipu;2016;cuenca del salado;cria;2145;1330;2462;318;815;31;92;72;293;;;
Argentina;Buenos Aires;Mar Chiquita;2016;cuenca del salado;cria;2145;1330;2462;318;815;31;92;72;293;;;
Argentina;Buenos Aires;Marcos Paz;2016;cuenca del salado;cria;2145;1330;2462;318;815;31;92;72;293;;;
Argentina;Buenos Aires;Monte;2016;cuenca del salado;cria;2145;1330;2462;318;815;31;92;72;293;;;
Argentina;Buenos Aires;Navarro;2016;cuenca del salado;cria;2145;1330;2462;318;815;31;92;72;293;;;
Argentina;Buenos Aires;Olavarria;2016;cuenca del salado;cria;2145;1330;2462;318;815;31;92;72;293;;;
Argentina;Buenos Aires;Pila;2016;cuenca del salado;cria;2145;1330;2462;318;815;31;92;72;293;;;
Argentina;Buenos Aires;Punta Indio;2016;cuenca del salado;cria;2145;1330;2462;318;815;31;92;72;293;;;
Argentina;Buenos Aires;Rauch;2016;cuenca del salado;cria;2145;1330;2462;318;815;31;92;72;293;;;
Argentina;Buenos Aires;Roque Perez;2016;cuenca del salado;cria;2145;1330;2462;318;815;31;92;72;293;;;
Argentina;Buenos Aires;Saladillo;2016;cuenca del salado;cria;2145;1330;2462;318;815;31;92;72;293;;;
Argentina;Buenos Aires;San Vicente;2016;cuenca del salado;cria;2145;1330;2462;318;815;31;92;72;293;;;
Argentina;Buenos Aires;Tapalque;2016;cuenca del salado;cria;2145;1330;2462;318;815;31;92;72;293;;;
Argentina;Buenos Aires;Tordillo;2016;cuenca del salado;cria;2145;1330;2462;318;815;31;92;72;293;;;
Argentina;Entre Rios;Concordia;2016;entre rios norte;cria;1281;743;1585;304;538;30;67;67;227;;;
Argentina;Entre Rios;Federacion;2016;entre rios norte;cria;1281;743;1585;304;538;30;67;67;227;;;
Argentina;Entre Rios;Federal;2016;entre rios norte;cria;1281;743;1585;304;538;30;67;67;227;;;
Argentina;Entre Rios;Feliciano;2016;entre rios norte;cria;1281;743;1585;304;538;30;67;67;227;;;
Argentina;Entre Rios;La Paz;2016;entre rios norte;cria;1281;743;1585;304;538;30;67;67;227;;;
Argentina;Entre Rios;Colon;2016;entre rios sw;invernada;973;-882;4368;3395;1855;59;284;-99999;482;;;
Argentina;Entre Rios;Diamante;2016;entre rios sw;invernada;973;-882;4368;3395;1855;59;284;-99999;482;;;
Argentina;Entre Rios;Gualeguay;2016;entre rios sw;invernada;973;-882;4368;3395;1855;59;284;-99999;482;;;
Argentina;Entre Rios;Gualeguaychu;2016;entre rios sw;invernada;973;-882;4368;3395;1855;59;284;-99999;482;;;
Argentina;Entre Rios;Nogoya;2016;entre rios sw;invernada;973;-882;4368;3395;1855;59;284;-99999;482;;;
Argentina;Entre Rios;Parana;2016;entre rios sw;invernada;973;-882;4368;3395;1855;59;284;-99999;482;;;
Argentina;Entre Rios;San Salvador;2016;entre rios sw;invernada;973;-882;4368;3395;1855;59;284;-99999;482;;;
Argentina;Entre Rios;Tala;2016;entre rios sw;invernada;973;-882;4368;3395;1855;59;284;-99999;482;;;
Argentina;Entre Rios;Uruguay;2016;entre rios sw;invernada;973;-882;4368;3395;1855;59;284;-99999;482;;;
Argentina;Entre Rios;Victoria;2016;entre rios sw;invernada;973;-882;4368;3395;1855;59;284;-99999;482;;;
Argentina;Entre Rios;Villaguay;2016;entre rios sw;invernada;973;-882;4368;3395;1855;59;284;-99999;482;;;
Argentina;Entre Rios;Islas Del Ibicuy;2016;islas de entre rios 1;invernada;481;210;918;437;271;39;51;-99999;132;;;
Argentina;La Pampa;Caleu Caleu;2016;la pampa-san luis arida;cria;345;216;422;77;129;29;17;65;59;;;
Argentina;La Pampa;Chalileo;2016;la pampa-san luis arida;cria;345;216;422;77;129;29;17;65;59;;;
Argentina;La Pampa;Curaco;2016;la pampa-san luis arida;cria;345;216;422;77;129;29;17;65;59;;;
Argentina;La Pampa;Hucal;2016;la pampa-san luis arida;cria;345;216;422;77;129;29;17;65;59;;;
Argentina;La Pampa;Lihuel Calel;2016;la pampa-san luis arida;cria;345;216;422;77;129;29;17;65;59;;;
Argentina;La Pampa;Limay Mahuida;2016;la pampa-san luis arida;cria;345;216;422;77;129;29;17;65;59;;;
Argentina;La Pampa;Utracan;2016;la pampa-san luis arida;cria;345;216;422;77;129;29;17;65;59;;;
Argentina;San Luis;Ayacucho;2016;la pampa-san luis arida;cria;345;216;422;77;129;29;17;65;59;;;
Argentina;San Luis;Belgrano;2016;la pampa-san luis arida;cria;345;216;422;77;129;29;17;65;59;;;
Argentina;San Luis;Junin;2016;la pampa-san luis arida;cria;345;216;422;77;129;29;17;65;59;;;
Argentina;San Luis;Libertador General San Martin;2016;la pampa-san luis arida;cria;345;216;422;77;129;29;17;65;59;;;
Argentina;La Pampa;Guatrache;2016;la pampa-san luis semiarida;cria;620;423;879;259;196;31;34;70;109;;;
Argentina;La Pampa;Loventue;2016;la pampa-san luis semiarida;cria;620;423;879;259;196;31;34;70;109;;;
Argentina;La Pampa;Toay;2016;la pampa-san luis semiarida;cria;620;423;879;259;196;31;34;70;109;;;
Argentina;San Luis;Chacabuco;2016;la pampa-san luis semiarida;cria;620;423;879;259;196;31;34;70;109;;;
Argentina;San Luis;Coronel Pringles;2016;la pampa-san luis semiarida;cria;620;423;879;259;196;31;34;70;109;;;
Argentina;San Luis;La Capital;2016;la pampa-san luis semiarida;cria;620;423;879;259;196;31;34;70;109;;;
Argentina;Buenos Aires;Adolfo Alsina;2016;pampeana subhumeda;ciclo completo;1024;719;1569;545;304;35;65;75;186;;;
Argentina;Buenos Aires;Carlos Tejedor;2016;pampeana subhumeda;ciclo completo;1024;719;1569;545;304;35;65;75;186;;;
Argentina;Buenos Aires;General Villegas;2016;pampeana subhumeda;ciclo completo;1024;719;1569;545;304;35;65;75;186;;;
Argentina;Buenos Aires;Guamini;2016;pampeana subhumeda;ciclo completo;1024;719;1569;545;304;35;65;75;186;;;
Argentina;Buenos Aires;Pellegrini;2016;pampeana subhumeda;invernada;1267;-315;3860;2592;1582;53;260;-99999;492;;;
Argentina;Buenos Aires;Rivadavia;2016;pampeana subhumeda;invernada;1267;-315;3860;2592;1582;53;260;-99999;492;;;
Argentina;Buenos Aires;Salliquelo;2016;pampeana subhumeda;invernada;1267;-315;3860;2592;1582;53;260;-99999;492;;;
Argentina;Buenos Aires;Trenque Lauquen;2016;pampeana subhumeda;ciclo completo;1024;719;1569;545;304;35;65;75;186;;;
Argentina;Buenos Aires;Tres Lomas;2016;pampeana subhumeda;invernada;1267;-315;3860;2592;1582;53;260;-99999;492;;;
Argentina;Cordoba;General Roca;2016;pampeana subhumeda;invernada;1267;-315;3860;2592;1582;53;260;-99999;492;;;
Argentina;Cordoba;Rio Cuarto;2016;pampeana subhumeda;ciclo completo;1024;719;1569;545;304;35;65;75;186;;;
Argentina;La Pampa;Atreuco;2016;pampeana subhumeda;ciclo completo;1024;719;1569;545;304;35;65;75;186;;;
Argentina;La Pampa;Capital;2016;pampeana subhumeda;ciclo completo;1024;719;1569;545;304;35;65;75;186;;;
Argentina;La Pampa;Catrilo;2016;pampeana subhumeda;invernada;1267;-315;3860;2592;1582;53;260;-99999;492;;;
Argentina;La Pampa;Chapaleufu;2016;pampeana subhumeda;invernada;1267;-315;3860;2592;1582;53;260;-99999;492;;;
Argentina;La Pampa;Conhelo;2016;pampeana subhumeda;invernada;1267;-315;3860;2592;1582;53;260;-99999;492;;;
Argentina;La Pampa;Maraco;2016;pampeana subhumeda;invernada;1267;-315;3860;2592;1582;53;260;-99999;492;;;
Argentina;La Pampa;Quemu Quemu;2016;pampeana subhumeda;invernada;1267;-315;3860;2592;1582;53;260;-99999;492;;;
Argentina;La Pampa;Rancul;2016;pampeana subhumeda;invernada;1267;-315;3860;2592;1582;53;260;-99999;492;;;
Argentina;La Pampa;Realico;2016;pampeana subhumeda;invernada;1267;-315;3860;2592;1582;53;260;-99999;492;;;
Argentina;La Pampa;Trenel;2016;pampeana subhumeda;invernada;1267;-315;3860;2592;1582;53;260;-99999;492;;;
Argentina;San Luis;General Pedernera;2016;pampeana subhumeda;ciclo completo;1024;719;1569;545;304;35;65;75;186;;;
Argentina;San Luis;Gobernador Dupuy;2016;pampeana subhumeda;ciclo completo;1024;719;1569;545;304;35;65;75;186;;;
Argentina;Salta;Cachi;2016;salta;cria;273;59;410;137;214;24;17;55;71;;;
Argentina;Salta;Cafayate;2016;salta;cria;273;59;410;137;214;24;17;55;71;;;
Argentina;Salta;Capital;2016;salta;cria;273;59;410;137;214;24;17;55;71;;;
Argentina;Salta;Cerrillos;2016;salta;cria;273;59;410;137;214;24;17;55;71;;;
Argentina;Salta;General Guemes;2016;salta;cria;273;59;410;137;214;24;17;55;71;;;
Argentina;Salta;General Jose De San Martin;2016;salta;cria;273;59;410;137;214;24;17;55;71;;;
Argentina;Salta;Guachipas;2016;salta;cria;273;59;410;137;214;24;17;55;71;;;
Argentina;Salta;La Caldera;2016;salta;cria;273;59;410;137;214;24;17;55;71;;;
Argentina;Salta;La Candelaria;2016;salta;cria;273;59;410;137;214;24;17;55;71;;;
Argentina;Salta;La Poma;2016;salta;cria;273;59;410;137;214;24;17;55;71;;;
Argentina;Salta;La Viña;2016;salta;cria;273;59;410;137;214;24;17;55;71;;;
Argentina;Salta;Rosario De La Frontera;2016;salta;cria;273;59;410;137;214;24;17;55;71;;;
Argentina;Santa Fe;Belgrano;2016;santa fe centro;invernada;820;-111;1320;500;931;40;75;-99999;189;;;
Argentina;Santa Fe;Castellanos;2016;santa fe centro;invernada;820;-111;1320;500;931;40;75;-99999;189;;;
Argentina;Santa Fe;Iriondo;2016;santa fe centro;invernada;820;-111;1320;500;931;40;75;-99999;189;;;
Argentina;Santa Fe;La Capital;2016;santa fe centro;invernada;820;-111;1320;500;931;40;75;-99999;189;;;
Argentina;Santa Fe;Las Colonias;2016;santa fe centro;invernada;820;-111;1320;500;931;40;75;-99999;189;;;
Argentina;Santa Fe;Rosario;2016;santa fe centro;invernada;820;-111;1320;500;931;40;75;-99999;189;;;
Argentina;Santa Fe;San Cristobal;2016;santa fe centro;invernada;820;-111;1320;500;931;40;75;-99999;189;;;
Argentina;Santa Fe;San Jeronimo;2016;santa fe centro;invernada;820;-111;1320;500;931;40;75;-99999;189;;;
Argentina;Santa Fe;San Lorenzo;2016;santa fe centro;invernada;820;-111;1320;500;931;40;75;-99999;189;;;
Argentina;Santa Fe;San Martin;2016;santa fe centro;invernada;820;-111;1320;500;931;40;75;-99999;189;;;
Argentina;Santiago Del Estero;Rivadavia;2016;santa fe centro;invernada;820;-111;1320;500;931;40;75;-99999;189;;;
Argentina;Santiago Del Estero;Aguirre;2016;santiago del estero;cria;478;94;666;189;384;27;27;60;101;;;
Argentina;Santiago Del Estero;Atamisqui;2016;santiago del estero;cria;478;94;666;189;384;27;27;60;101;;;
Argentina;Santiago Del Estero;Avellaneda;2016;santiago del estero;cria;478;94;666;189;384;27;27;60;101;;;
Argentina;Santiago Del Estero;Belgrano;2016;santiago del estero;cria;478;94;666;189;384;27;27;60;101;;;
Argentina;Santiago Del Estero;Capital;2016;santiago del estero;cria;478;94;666;189;384;27;27;60;101;;;
Argentina;Santiago Del Estero;Choya;2016;santiago del estero;cria;478;94;666;189;384;27;27;60;101;;;
Argentina;Santiago Del Estero;Figueroa;2016;santiago del estero;cria;478;94;666;189;384;27;27;60;101;;;
Argentina;Santiago Del Estero;Guayasan;2016;santiago del estero;cria;478;94;666;189;384;27;27;60;101;;;
Argentina;Santiago Del Estero;Jimenez;2016;santiago del estero;cria;478;94;666;189;384;27;27;60;101;;;
Argentina;Santiago Del Estero;Juan F. Ibarra;2016;santiago del estero;cria;478;94;666;189;384;27;27;60;101;;;
Argentina;Santiago Del Estero;La Banda;2016;santiago del estero;cria;478;94;666;189;384;27;27;60;101;;;
Argentina;Santiago Del Estero;Loreto;2016;santiago del estero;cria;478;94;666;189;384;27;27;60;101;;;
Argentina;Santiago Del Estero;Mitre;2016;santiago del estero;cria;478;94;666;189;384;27;27;60;101;;;
Argentina;Santiago Del Estero;Ojo De Agua;2016;santiago del estero;cria;478;94;666;189;384;27;27;60;101;;;
Argentina;Santiago Del Estero;Pellegrini;2016;santiago del estero;cria;478;94;666;189;384;27;27;60;101;;;
Argentina;Santiago Del Estero;Quebrachos;2016;santiago del estero;cria;478;94;666;189;384;27;27;60;101;;;
Argentina;Santiago Del Estero;Robles;2016;santiago del estero;cria;478;94;666;189;384;27;27;60;101;;;
Argentina;Santiago Del Estero;Salavina;2016;santiago del estero;cria;478;94;666;189;384;27;27;60;101;;;
Argentina;Santiago Del Estero;San Martin;2016;santiago del estero;cria;478;94;666;189;384;27;27;60;101;;;
Argentina;Santiago Del Estero;Sarmiento;2016;santiago del estero;cria;478;94;666;189;384;27;27;60;101;;;
Argentina;Santiago Del Estero;Silipica;2016;santiago del estero;cria;478;94;666;189;384;27;27;60;101;;;
Argentina;Corrientes;San Martin;2016;corrientes nor-este;ciclo completo;417;247;663;246;170;20;29;50;144;;;
Argentina;Corrientes;General Alvear;2016;corrientes nor-este;ciclo completo;417;247;663;246;170;20;29;50;144;;;
Argentina;Corrientes;Curuzu Cuatia;2016;corrientes centro sur;cria;1265;1044;1577;312;221;29;63;67;215;;;
Argentina;Corrientes;Mercedes;2016;corrientes centro sur;cria;1265;1044;1577;312;221;29;63;67;215;;;
Argentina;Corrientes;Sauce;2016;corrientes centro sur;cria;1265;1044;1577;312;221;29;63;67;215;;;
Argentina;Buenos Aires;Lezama;2016;cuenca del salado;cria;2145;1330;2462;318;815;31;92;72;293;;;
Argentina;Buenos Aires;Bolivar;2016;buenos aires centro-sudoeste;ciclo completo;1867;698;2967;1100;1169;35;117;69;336;;;
Argentina;Buenos Aires;Daireaux;2016;buenos aires centro-sudoeste;ciclo completo;1867;698;2967;1100;1169;35;117;69;336;;;
Argentina;Buenos Aires;Coronel Suarez;2016;buenos aires centro-sudoeste;ciclo completo;1867;698;2967;1100;1169;35;117;69;336;;;
Argentina;Cordoba;General San Martin;2016;centro cordoba sur;ciclo completo;2385;1180;3896;1511;1205;38;157;65;416;;;
Argentina;Cordoba;Juarez Celman;2016;centro cordoba sur;ciclo completo;2385;1180;3896;1511;1205;38;157;65;416;;;
Argentina;Cordoba;Marcos Juarez;2016;centro cordoba sur;ciclo completo;2385;1180;3896;1511;1205;38;157;65;416;;;
Argentina;Cordoba;Presidente Roque Saenz Peña;2016;centro cordoba sur;ciclo completo;2385;1180;3896;1511;1205;38;157;65;416;;;
Argentina;Cordoba;Rio Primero;2016;centro cordoba sur;ciclo completo;2385;1180;3896;1511;1205;38;157;65;416;;;
Argentina;Cordoba;Rio Segundo;2016;centro cordoba sur;ciclo completo;2385;1180;3896;1511;1205;38;157;65;416;;;
Argentina;Cordoba;San Justo;2016;centro cordoba sur;ciclo completo;2385;1180;3896;1511;1205;38;157;65;416;;;
Argentina;Cordoba;Tercero Arriba;2016;centro cordoba sur;ciclo completo;2385;1180;3896;1511;1205;38;157;65;416;;;
Argentina;Cordoba;Union;2016;centro cordoba sur;ciclo completo;2385;1180;3896;1511;1205;38;157;65;416;;;
Argentina;Chaco;9 De Julio;2016;chaco humedo;ciclo completo;788;408;1091;303;380;24;46;60;195;;;
Argentina;Chaco;Chacabuco;2016;chaco humedo;ciclo completo;788;408;1091;303;380;24;46;60;195;;;
Argentina;Chaco;General Belgrano;2016;chaco humedo;ciclo completo;788;408;1091;303;380;24;46;60;195;;;
Argentina;Chaco;Presidencia De La Plaza;2016;chaco humedo;ciclo completo;788;408;1091;303;380;24;46;60;195;;;
Argentina;Chaco;San Fernando;2016;chaco humedo;ciclo completo;788;408;1091;303;380;24;46;60;195;;;
Argentina;Chaco;Sargento Cabral;2016;chaco humedo;ciclo completo;788;408;1091;303;380;24;46;60;195;;;
Argentina;Chaco;Tapenaga;2016;chaco humedo;ciclo completo;788;408;1091;303;380;24;46;60;195;;;
Argentina;Chaco;1 De Mayo;2016;chaco-formosa este;cria;563;218;694;131;345;23;28;60;122;;;
Argentina;Chaco;12 De Octubre;2016;chaco-formosa este;cria;563;218;694;131;345;23;28;60;122;;;
Argentina;Chaco;2 De Abril;2016;chaco-formosa este;cria;563;218;694;131;345;23;28;60;122;;;
Argentina;Chaco;25 De Mayo;2016;chaco-formosa este;cria;563;218;694;131;345;23;28;60;122;;;
Argentina;Chaco;Bermejo;2016;chaco-formosa este;cria;563;218;694;131;345;23;28;60;122;;;
Argentina;Chaco;Comandante Fernandez;2016;chaco-formosa este;cria;563;218;694;131;345;23;28;60;122;;;
Argentina;Chaco;Fray Justo Santa Maria De Oro;2016;chaco-formosa este;cria;563;218;694;131;345;23;28;60;122;;;
Argentina;Chaco;General Donovan;2016;chaco-formosa este;cria;563;218;694;131;345;23;28;60;122;;;
Argentina;Chaco;Independencia;2016;chaco-formosa este;cria;563;218;694;131;345;23;28;60;122;;;
Argentina;Chaco;Libertad;2016;chaco-formosa este;cria;563;218;694;131;345;23;28;60;122;;;
Argentina;Chaco;Libertador General San Martin;2016;chaco-formosa este;cria;563;218;694;131;345;23;28;60;122;;;
Argentina;Chaco;Maipu;2016;chaco-formosa este;cria;563;218;694;131;345;23;28;60;122;;;
Argentina;Chaco;Mayor Luis J Fontana;2016;chaco-formosa este;cria;563;218;694;131;345;23;28;60;122;;;
Argentina;Chaco;O'Higgins;2016;chaco-formosa este;cria;563;218;694;131;345;23;28;60;122;;;
Argentina;Chaco;Quitilipi;2016;chaco-formosa este;cria;563;218;694;131;345;23;28;60;122;;;
Argentina;Chaco;San Lorenzo;2016;chaco-formosa este;cria;563;218;694;131;345;23;28;60;122;;;
Argentina;Formosa;Formosa;2016;chaco-formosa este;cria;563;218;694;131;345;23;28;60;122;;;
Argentina;Formosa;Laishi;2016;chaco-formosa este;cria;563;218;694;131;345;23;28;60;122;;;
Argentina;Formosa;Pilagas;2016;chaco-formosa este;cria;563;218;694;131;345;23;28;60;122;;;
Argentina;Formosa;Pilcomayo;2016;chaco-formosa este;cria;563;218;694;131;345;23;28;60;122;;;
Argentina;Formosa;Pirane;2016;chaco-formosa este;cria;563;218;694;131;345;23;28;60;122;;;
Argentina;Chaco;Almirante Brown;2016;chaco-formosa oeste;cria;367;111;470;103;256;22;19;60;85;;;
Argentina;Chaco;General Guemes;2016;chaco-formosa oeste;cria;367;111;470;103;256;22;19;60;85;;;
Argentina;Formosa;Bermejo;2016;chaco-formosa oeste;cria;367;111;470;103;256;22;19;60;85;;;
Argentina;Formosa;Patiño;2016;chaco-formosa oeste;cria;367;111;470;103;256;22;19;60;85;;;
Argentina;Formosa;Ramon Lista;2016;chaco-formosa oeste;cria;367;111;470;103;256;22;19;60;85;;;
Argentina;Cordoba;Calamuchita;2016;cordoba norte;cria;570;216;685;114;354;29;30;65;103;;;
Argentina;Cordoba;Capital;2016;cordoba norte;cria;570;216;685;114;354;29;30;65;103;;;
Argentina;Cordoba;Colon;2016;cordoba norte;cria;570;216;685;114;354;29;30;65;103;;;
Argentina;Cordoba;Cruz Del Eje;2016;cordoba norte;cria;570;216;685;114;354;29;30;65;103;;;
Argentina;Cordoba;Ischilin;2016;cordoba norte;cria;570;216;685;114;354;29;30;65;103;;;
Argentina;Cordoba;Minas;2016;cordoba norte;cria;570;216;685;114;354;29;30;65;103;;;
Argentina;Cordoba;Pocho;2016;cordoba norte;cria;570;216;685;114;354;29;30;65;103;;;
Argentina;Cordoba;Punilla;2016;cordoba norte;cria;570;216;685;114;354;29;30;65;103;;;
Argentina;Cordoba;Rio Seco;2016;cordoba norte;cria;570;216;685;114;354;29;30;65;103;;;
Argentina;Cordoba;San Alberto;2016;cordoba norte;cria;570;216;685;114;354;29;30;65;103;;;
Argentina;Cordoba;San Javier;2016;cordoba norte;cria;570;216;685;114;354;29;30;65;103;;;
Argentina;Cordoba;Santa Maria;2016;cordoba norte;cria;570;216;685;114;354;29;30;65;103;;;
Argentina;Cordoba;Sobremonte;2016;cordoba norte;cria;570;216;685;114;354;29;30;65;103;;;
Argentina;Cordoba;Totoral;2016;cordoba norte;cria;570;216;685;114;354;29;30;65;103;;;
Argentina;Cordoba;Tulumba;2016;cordoba norte;cria;570;216;685;114;354;29;30;65;103;;;
Argentina;Corrientes;Bella Vista;2016;corrientes noroeste;cria;842;503;1013;171;340;21;43;60;205;;;
Argentina;Corrientes;Capital;2016;corrientes noroeste;cria;842;503;1013;171;340;21;43;60;205;;;
Argentina;Corrientes;Concepcion;2016;corrientes noroeste;cria;842;503;1013;171;340;21;43;60;205;;;
Argentina;Corrientes;Empedrado;2016;corrientes noroeste;cria;842;503;1013;171;340;21;43;60;205;;;
Argentina;Corrientes;General Paz;2016;corrientes noroeste;cria;842;503;1013;171;340;21;43;60;205;;;
Argentina;Corrientes;Goya;2016;corrientes noroeste;cria;842;503;1013;171;340;21;43;60;205;;;
Argentina;Corrientes;Ituzaingo;2016;corrientes noroeste;cria;842;503;1013;171;340;21;43;60;205;;;
Argentina;Corrientes;Monte Caseros;2016;corrientes centro sur;cria;1328;1119;1577;249;209;29;63;67;215;;;
Argentina;Corrientes;Paso De Los Libres;2016;corrientes nor-este;ciclo completo;502;336;693;191;166;20;29;50;144;;;
Argentina;Corrientes;Saladas;2016;corrientes noroeste;cria;842;503;1013;171;340;21;43;60;205;;;
Argentina;Corrientes;San Luis Del Palmar;2016;corrientes noroeste;cria;842;503;1013;171;340;21;43;60;205;;;
Argentina;Corrientes;San Miguel;2016;corrientes noroeste;cria;842;503;1013;171;340;21;43;60;205;;;
Argentina;Corrientes;San Roque;2016;corrientes noroeste;cria;842;503;1013;171;340;21;43;60;205;;;
Argentina;Santa Fe;General Obligado;2016;corrientes noroeste;cria;842;503;1013;171;340;21;43;60;205;;;
Argentina;Buenos Aires;25 De Mayo;2016;cuenca del salado;cria;2203;1427;2466;262;777;31;92;72;293;;;
Argentina;Buenos Aires;Adolfo Gonzales Chaves;2016;cuenca del salado;cria;2203;1427;2466;262;777;31;92;72;293;;;
Argentina;Buenos Aires;Ayacucho;2016;cuenca del salado;cria;2203;1427;2466;262;777;31;92;72;293;;;
Argentina;Buenos Aires;Azul;2016;cuenca del salado;cria;2203;1427;2466;262;777;31;92;72;293;;;
Argentina;Buenos Aires;Brandsen;2016;cuenca del salado;cria;2203;1427;2466;262;777;31;92;72;293;;;
Argentina;Buenos Aires;Cañuelas;2016;cuenca del salado;cria;2203;1427;2466;262;777;31;92;72;293;;;
Argentina;Buenos Aires;Castelli;2016;cuenca del salado;cria;2203;1427;2466;262;777;31;92;72;293;;;
Argentina;Buenos Aires;Chascomus;2016;cuenca del salado;cria;2203;1427;2466;262;777;31;92;72;293;;;
Argentina;Buenos Aires;Dolores;2016;cuenca del salado;cria;2203;1427;2466;262;777;31;92;72;293;;;
Argentina;Buenos Aires;General Alvear;2016;cuenca del salado;cria;2203;1427;2466;262;777;31;92;72;293;;;
Argentina;Buenos Aires;General Belgrano;2016;cuenca del salado;cria;2203;1427;2466;262;777;31;92;72;293;;;
Argentina;Buenos Aires;General Guido;2016;cuenca del salado;cria;2203;1427;2466;262;777;31;92;72;293;;;
Argentina;Buenos Aires;General Lamadrid;2016;cuenca del salado;cria;2203;1427;2466;262;777;31;92;72;293;;;
Argentina;Buenos Aires;General Las Heras;2016;cuenca del salado;cria;2203;1427;2466;262;777;31;92;72;293;;;
Argentina;Buenos Aires;General Lavalle;2016;cuenca del salado;cria;2203;1427;2466;262;777;31;92;72;293;;;
Argentina;Buenos Aires;General Juan Madariaga;2016;cuenca del salado;cria;2203;1427;2466;262;777;31;92;72;293;;;
Argentina;Buenos Aires;General Paz;2016;cuenca del salado;cria;2203;1427;2466;262;777;31;92;72;293;;;
Argentina;Buenos Aires;La Plata;2016;cuenca del salado;cria;2203;1427;2466;262;777;31;92;72;293;;;
Argentina;Buenos Aires;Laprida;2016;cuenca del salado;cria;2203;1427;2466;262;777;31;92;72;293;;;
Argentina;Buenos Aires;Las Flores;2016;cuenca del salado;cria;2203;1427;2466;262;777;31;92;72;293;;;
Argentina;Buenos Aires;Lobos;2016;cuenca del salado;cria;2203;1427;2466;262;777;31;92;72;293;;;
Argentina;Buenos Aires;Magdalena;2016;cuenca del salado;cria;2203;1427;2466;262;777;31;92;72;293;;;
Argentina;Buenos Aires;Maipu;2016;cuenca del salado;cria;2203;1427;2466;262;777;31;92;72;293;;;
Argentina;Buenos Aires;Mar Chiquita;2016;cuenca del salado;cria;2203;1427;2466;262;777;31;92;72;293;;;
Argentina;Buenos Aires;Marcos Paz;2016;cuenca del salado;cria;2203;1427;2466;262;777;31;92;72;293;;;
Argentina;Buenos Aires;Monte;2016;cuenca del salado;cria;2203;1427;2466;262;777;31;92;72;293;;;
Argentina;Buenos Aires;Navarro;2016;cuenca del salado;cria;2203;1427;2466;262;777;31;92;72;293;;;
Argentina;Buenos Aires;Olavarria;2016;cuenca del salado;cria;2203;1427;2466;262;777;31;92;72;293;;;
Argentina;Buenos Aires;Pila;2016;cuenca del salado;cria;2203;1427;2466;262;777;31;92;72;293;;;
Argentina;Buenos Aires;Punta Indio;2016;cuenca del salado;cria;2203;1427;2466;262;777;31;92;72;293;;;
Argentina;Buenos Aires;Rauch;2016;cuenca del salado;cria;2203;1427;2466;262;777;31;92;72;293;;;
Argentina;Buenos Aires;Roque Perez;2016;cuenca del salado;cria;2203;1427;2466;262;777;31;92;72;293;;;
Argentina;Buenos Aires;Saladillo;2016;cuenca del salado;cria;2203;1427;2466;262;777;31;92;72;293;;;
Argentina;Buenos Aires;San Vicente;2016;cuenca del salado;cria;2203;1427;2466;262;777;31;92;72;293;;;
Argentina;Buenos Aires;Tapalque;2016;cuenca del salado;cria;2203;1427;2466;262;777;31;92;72;293;;;
Argentina;Buenos Aires;Tordillo;2016;cuenca del salado;cria;2203;1427;2466;262;777;31;92;72;293;;;
Argentina;Entre Rios;Concordia;2016;entre rios norte;cria;1355;846;1603;247;509;30;67;67;227;;;
Argentina;Entre Rios;Federacion;2016;entre rios norte;cria;1355;846;1603;247;509;30;67;67;227;;;
Argentina;Entre Rios;Federal;2016;entre rios norte;cria;1355;846;1603;247;509;30;67;67;227;;;
Argentina;Entre Rios;Feliciano;2016;entre rios norte;cria;1355;846;1603;247;509;30;67;67;227;;;
Argentina;Entre Rios;La Paz;2016;entre rios norte;cria;1355;846;1603;247;509;30;67;67;227;;;
Argentina;Entre Rios;Colon;2016;entre rios sw;invernada;2171;495;5237;3066;1676;59;284;-99999;482;;;
Argentina;Entre Rios;Diamante;2016;entre rios sw;invernada;2171;495;5237;3066;1676;59;284;-99999;482;;;
Argentina;Entre Rios;Gualeguay;2016;entre rios sw;invernada;2171;495;5237;3066;1676;59;284;-99999;482;;;
Argentina;Entre Rios;Gualeguaychu;2016;entre rios sw;invernada;2171;495;5237;3066;1676;59;284;-99999;482;;;
Argentina;Entre Rios;Nogoya;2016;entre rios sw;invernada;2171;495;5237;3066;1676;59;284;-99999;482;;;
Argentina;Entre Rios;Parana;2016;entre rios sw;invernada;2171;495;5237;3066;1676;59;284;-99999;482;;;
Argentina;Entre Rios;San Salvador;2016;entre rios sw;invernada;2171;495;5237;3066;1676;59;284;-99999;482;;;
Argentina;Entre Rios;Tala;2016;entre rios sw;invernada;2171;495;5237;3066;1676;59;284;-99999;482;;;
Argentina;Entre Rios;Uruguay;2016;entre rios sw;invernada;2171;495;5237;3066;1676;59;284;-99999;482;;;
Argentina;Entre Rios;Victoria;2016;entre rios sw;invernada;2171;495;5237;3066;1676;59;284;-99999;482;;;
Argentina;Entre Rios;Villaguay;2016;entre rios sw;invernada;2171;495;5237;3066;1676;59;284;-99999;482;;;
Argentina;Entre Rios;Islas Del Ibicuy;2016;islas de entre rios 1;invernada;698;462;1067;369;236;39;51;-99999;132;;;
Argentina;La Pampa;Caleu Caleu;2016;la pampa-san luis arida;cria;357;237;419;63;120;29;17;65;59;;;
Argentina;La Pampa;Chalileo;2016;la pampa-san luis arida;cria;357;237;419;63;120;29;17;65;59;;;
Argentina;La Pampa;Curaco;2016;la pampa-san luis arida;cria;357;237;419;63;120;29;17;65;59;;;
Argentina;La Pampa;Hucal;2016;la pampa-san luis arida;cria;357;237;419;63;120;29;17;65;59;;;
Argentina;La Pampa;Lihuel Calel;2016;la pampa-san luis arida;cria;357;237;419;63;120;29;17;65;59;;;
Argentina;La Pampa;Limay Mahuida;2016;la pampa-san luis arida;cria;357;237;419;63;120;29;17;65;59;;;
Argentina;La Pampa;Utracan;2016;la pampa-san luis arida;cria;357;237;419;63;120;29;17;65;59;;;
Argentina;San Luis;Ayacucho;2016;la pampa-san luis arida;cria;357;237;419;63;120;29;17;65;59;;;
Argentina;San Luis;Belgrano;2016;la pampa-san luis arida;cria;357;237;419;63;120;29;17;65;59;;;
Argentina;San Luis;Junin;2016;la pampa-san luis arida;cria;357;237;419;63;120;29;17;65;59;;;
Argentina;San Luis;Libertador General San Martin;2016;la pampa-san luis arida;cria;357;237;419;63;120;29;17;65;59;;;
Argentina;La Pampa;Guatrache;2016;la pampa-san luis semiarida;cria;656;473;879;223;184;31;34;70;109;;;
Argentina;La Pampa;Loventue;2016;la pampa-san luis semiarida;cria;656;473;879;223;184;31;34;70;109;;;
Argentina;La Pampa;Toay;2016;la pampa-san luis semiarida;cria;656;473;879;223;184;31;34;70;109;;;
Argentina;San Luis;Chacabuco;2016;la pampa-san luis semiarida;cria;656;473;879;223;184;31;34;70;109;;;
Argentina;San Luis;Coronel Pringles;2016;la pampa-san luis semiarida;cria;656;473;879;223;184;31;34;70;109;;;
Argentina;San Luis;La Capital;2016;la pampa-san luis semiarida;cria;656;473;879;223;184;31;34;70;109;;;
Argentina;Buenos Aires;Adolfo Alsina;2016;pampeana subhumeda;ciclo completo;1178;895;1648;470;283;35;65;75;186;;;
Argentina;Buenos Aires;Carlos Tejedor;2016;pampeana subhumeda;ciclo completo;1178;895;1648;470;283;35;65;75;186;;;
Argentina;Buenos Aires;General Villegas;2016;pampeana subhumeda;ciclo completo;1178;895;1648;470;283;35;65;75;186;;;
Argentina;Buenos Aires;Guamini;2016;pampeana subhumeda;ciclo completo;1178;895;1648;470;283;35;65;75;186;;;
Argentina;Buenos Aires;Pellegrini;2016;pampeana subhumeda;invernada;2541;1114;4834;2293;1427;53;260;-99999;492;;;
Argentina;Buenos Aires;Rivadavia;2016;pampeana subhumeda;invernada;2541;1114;4834;2293;1427;53;260;-99999;492;;;
Argentina;Buenos Aires;Salliquelo;2016;pampeana subhumeda;invernada;2541;1114;4834;2293;1427;53;260;-99999;492;;;
Argentina;Buenos Aires;Trenque Lauquen;2016;pampeana subhumeda;ciclo completo;1178;895;1648;470;283;35;65;75;186;;;
Argentina;Buenos Aires;Tres Lomas;2016;pampeana subhumeda;invernada;2541;1114;4834;2293;1427;53;260;-99999;492;;;
Argentina;Cordoba;General Roca;2016;pampeana subhumeda;invernada;2541;1114;4834;2293;1427;53;260;-99999;492;;;
Argentina;Cordoba;Rio Cuarto;2016;pampeana subhumeda;ciclo completo;1178;895;1648;470;283;35;65;75;186;;;
Argentina;La Pampa;Atreuco;2016;pampeana subhumeda;ciclo completo;1178;895;1648;470;283;35;65;75;186;;;
Argentina;La Pampa;Capital;2016;pampeana subhumeda;ciclo completo;1178;895;1648;470;283;35;65;75;186;;;
Argentina;La Pampa;Catrilo;2016;pampeana subhumeda;invernada;2541;1114;4834;2293;1427;53;260;-99999;492;;;
Argentina;La Pampa;Chapaleufu;2016;pampeana subhumeda;invernada;2541;1114;4834;2293;1427;53;260;-99999;492;;;
Argentina;La Pampa;Conhelo;2016;pampeana subhumeda;invernada;2541;1114;4834;2293;1427;53;260;-99999;492;;;
Argentina;La Pampa;Maraco;2016;pampeana subhumeda;invernada;2541;1114;4834;2293;1427;53;260;-99999;492;;;
Argentina;La Pampa;Quemu Quemu;2016;pampeana subhumeda;invernada;2541;1114;4834;2293;1427;53;260;-99999;492;;;
Argentina;La Pampa;Rancul;2016;pampeana subhumeda;invernada;2541;1114;4834;2293;1427;53;260;-99999;492;;;
Argentina;La Pampa;Realico;2016;pampeana subhumeda;invernada;2541;1114;4834;2293;1427;53;260;-99999;492;;;
Argentina;La Pampa;Trenel;2016;pampeana subhumeda;invernada;2541;1114;4834;2293;1427;53;260;-99999;492;;;
Argentina;San Luis;General Pedernera;2016;pampeana subhumeda;ciclo completo;1178;895;1648;470;283;35;65;75;186;;;
Argentina;San Luis;Gobernador Dupuy;2016;pampeana subhumeda;ciclo completo;1178;895;1648;470;283;35;65;75;186;;;
Argentina;Salta;Cachi;2016;salta;cria;274;69;379;105;204;24;17;55;71;;;
Argentina;Salta;Cafayate;2016;salta;cria;274;69;379;105;204;24;17;55;71;;;
Argentina;Salta;Capital;2016;salta;cria;274;69;379;105;204;24;17;55;71;;;
Argentina;Salta;Cerrillos;2016;salta;cria;274;69;379;105;204;24;17;55;71;;;
Argentina;Salta;General Guemes;2016;salta;cria;274;69;379;105;204;24;17;55;71;;;
Argentina;Salta;General Jose De San Martin;2016;salta;cria;274;69;379;105;204;24;17;55;71;;;
Argentina;Salta;Guachipas;2016;salta;cria;274;69;379;105;204;24;17;55;71;;;
Argentina;Salta;La Caldera;2016;salta;cria;274;69;379;105;204;24;17;55;71;;;
Argentina;Salta;La Candelaria;2016;salta;cria;274;69;379;105;204;24;17;55;71;;;
Argentina;Salta;La Poma;2016;salta;cria;274;69;379;105;204;24;17;55;71;;;
Argentina;Salta;La Viña;2016;salta;cria;274;69;379;105;204;24;17;55;71;;;
Argentina;Salta;Rosario De La Frontera;2016;salta;cria;274;69;379;105;204;24;17;55;71;;;
Argentina;Santa Fe;Belgrano;2016;santa fe centro;invernada;1170;321;1592;423;849;40;75;-99999;189;;;
Argentina;Santa Fe;Castellanos;2016;santa fe centro;invernada;1170;321;1592;423;849;40;75;-99999;189;;;
Argentina;Santa Fe;Iriondo;2016;santa fe centro;invernada;1170;321;1592;423;849;40;75;-99999;189;;;
Argentina;Santa Fe;La Capital;2016;santa fe centro;invernada;1170;321;1592;423;849;40;75;-99999;189;;;
Argentina;Santa Fe;Las Colonias;2016;santa fe centro;invernada;1170;321;1592;423;849;40;75;-99999;189;;;
Argentina;Santa Fe;Rosario;2016;santa fe centro;invernada;1170;321;1592;423;849;40;75;-99999;189;;;
Argentina;Santa Fe;San Cristobal;2016;santa fe centro;invernada;1170;321;1592;423;849;40;75;-99999;189;;;
Argentina;Santa Fe;San Jeronimo;2016;santa fe centro;invernada;1170;321;1592;423;849;40;75;-99999;189;;;
Argentina;Santa Fe;San Lorenzo;2016;santa fe centro;invernada;1170;321;1592;423;849;40;75;-99999;189;;;
Argentina;Santa Fe;San Martin;2016;santa fe centro;invernada;1170;321;1592;423;849;40;75;-99999;189;;;
Argentina;Santiago Del Estero;Rivadavia;2016;santa fe centro;invernada;1170;321;1592;423;849;40;75;-99999;189;;;
Argentina;Santiago Del Estero;Aguirre;2016;santiago del estero;cria;469;102;615;146;367;27;27;60;101;;;
Argentina;Santiago Del Estero;Atamisqui;2016;santiago del estero;cria;469;102;615;146;367;27;27;60;101;;;
Argentina;Santiago Del Estero;Avellaneda;2016;santiago del estero;cria;469;102;615;146;367;27;27;60;101;;;
Argentina;Santiago Del Estero;Belgrano;2016;santiago del estero;cria;469;102;615;146;367;27;27;60;101;;;
Argentina;Santiago Del Estero;Capital;2016;santiago del estero;cria;469;102;615;146;367;27;27;60;101;;;
Argentina;Santiago Del Estero;Choya;2016;santiago del estero;cria;469;102;615;146;367;27;27;60;101;;;
Argentina;Santiago Del Estero;Figueroa;2016;santiago del estero;cria;469;102;615;146;367;27;27;60;101;;;
Argentina;Santiago Del Estero;Guayasan;2016;santiago del estero;cria;469;102;615;146;367;27;27;60;101;;;
Argentina;Santiago Del Estero;Jimenez;2016;santiago del estero;cria;469;102;615;146;367;27;27;60;101;;;
Argentina;Santiago Del Estero;Juan F. Ibarra;2016;santiago del estero;cria;469;102;615;146;367;27;27;60;101;;;
Argentina;Santiago Del Estero;La Banda;2016;santiago del estero;cria;469;102;615;146;367;27;27;60;101;;;
Argentina;Santiago Del Estero;Loreto;2016;santiago del estero;cria;469;102;615;146;367;27;27;60;101;;;
Argentina;Santiago Del Estero;Mitre;2016;santiago del estero;cria;469;102;615;146;367;27;27;60;101;;;
Argentina;Santiago Del Estero;Ojo De Agua;2016;santiago del estero;cria;469;102;615;146;367;27;27;60;101;;;
Argentina;Santiago Del Estero;Pellegrini;2016;santiago del estero;cria;469;102;615;146;367;27;27;60;101;;;
Argentina;Santiago Del Estero;Quebrachos;2016;santiago del estero;cria;469;102;615;146;367;27;27;60;101;;;
Argentina;Santiago Del Estero;Robles;2016;santiago del estero;cria;469;102;615;146;367;27;27;60;101;;;
Argentina;Santiago Del Estero;Salavina;2016;santiago del estero;cria;469;102;615;146;367;27;27;60;101;;;
Argentina;Santiago Del Estero;San Martin;2016;santiago del estero;cria;469;102;615;146;367;27;27;60;101;;;
Argentina;Santiago Del Estero;Sarmiento;2016;santiago del estero;cria;469;102;615;146;367;27;27;60;101;;;
Argentina;Santiago Del Estero;Silipica;2016;santiago del estero;cria;469;102;615;146;367;27;27;60;101;;;
Argentina;Corrientes;San Martin;2016;corrientes nor-este;ciclo completo;502;336;693;191;166;20;29;50;144;;;
Argentina;Corrientes;General Alvear;2016;corrientes nor-este;ciclo completo;502;336;693;191;166;20;29;50;144;;;
Argentina;Corrientes;Curuzu Cuatia;2016;corrientes centro sur;cria;1328;1119;1577;249;209;29;63;67;215;;;
Argentina;Corrientes;Mercedes;2016;corrientes centro sur;cria;1328;1119;1577;249;209;29;63;67;215;;;
Argentina;Corrientes;Sauce;2016;corrientes centro sur;cria;1328;1119;1577;249;209;29;63;67;215;;;
Argentina;Buenos Aires;Lezama;2016;cuenca del salado;cria;2203;1427;2466;262;777;31;92;72;293;;;
Argentina;Buenos Aires;Bolivar;2016;buenos aires centro-sudoeste;ciclo completo;1811;678;2900;1089;1133;36;117;69;323;;;
Argentina;Buenos Aires;Daireaux;2016;buenos aires centro-sudoeste;ciclo completo;1811;678;2900;1089;1133;36;117;69;323;;;
Argentina;Buenos Aires;Coronel Suarez;2016;buenos aires centro-sudoeste;ciclo completo;1811;678;2900;1089;1133;36;117;69;323;;;
Argentina;Cordoba;General San Martin;2016;centro cordoba sur;ciclo completo;2229;1059;3757;1528;1170;40;157;65;397;;;
Argentina;Cordoba;Juarez Celman;2016;centro cordoba sur;ciclo completo;2229;1059;3757;1528;1170;40;157;65;397;;;
Argentina;Cordoba;Marcos Juarez;2016;centro cordoba sur;ciclo completo;2229;1059;3757;1528;1170;40;157;65;397;;;
Argentina;Cordoba;Presidente Roque Saenz Peña;2016;centro cordoba sur;ciclo completo;2229;1059;3757;1528;1170;40;157;65;397;;;
Argentina;Cordoba;Rio Primero;2016;centro cordoba sur;ciclo completo;2229;1059;3757;1528;1170;40;157;65;397;;;
Argentina;Cordoba;Rio Segundo;2016;centro cordoba sur;ciclo completo;2229;1059;3757;1528;1170;40;157;65;397;;;
Argentina;Cordoba;San Justo;2016;centro cordoba sur;ciclo completo;2229;1059;3757;1528;1170;40;157;65;397;;;
Argentina;Cordoba;Tercero Arriba;2016;centro cordoba sur;ciclo completo;2229;1059;3757;1528;1170;40;157;65;397;;;
Argentina;Cordoba;Union;2016;centro cordoba sur;ciclo completo;2229;1059;3757;1528;1170;40;157;65;397;;;
Argentina;Chaco;9 De Julio;2016;chaco humedo;ciclo completo;811;441;1111;299;370;25;46;60;182;;;
Argentina;Chaco;Chacabuco;2016;chaco humedo;ciclo completo;811;441;1111;299;370;25;46;60;182;;;
Argentina;Chaco;General Belgrano;2016;chaco humedo;ciclo completo;811;441;1111;299;370;25;46;60;182;;;
Argentina;Chaco;Presidencia De La Plaza;2016;chaco humedo;ciclo completo;811;441;1111;299;370;25;46;60;182;;;
Argentina;Chaco;San Fernando;2016;chaco humedo;ciclo completo;811;441;1111;299;370;25;46;60;182;;;
Argentina;Chaco;Sargento Cabral;2016;chaco humedo;ciclo completo;811;441;1111;299;370;25;46;60;182;;;
Argentina;Chaco;Tapenaga;2016;chaco humedo;ciclo completo;811;441;1111;299;370;25;46;60;182;;;
Argentina;Chaco;1 De Mayo;2016;chaco-formosa este;cria;551;214;678;127;337;26;28;60;108;;;
Argentina;Chaco;12 De Octubre;2016;chaco-formosa este;cria;551;214;678;127;337;26;28;60;108;;;
Argentina;Chaco;2 De Abril;2016;chaco-formosa este;cria;551;214;678;127;337;26;28;60;108;;;
Argentina;Chaco;25 De Mayo;2016;chaco-formosa este;cria;551;214;678;127;337;26;28;60;108;;;
Argentina;Chaco;Bermejo;2016;chaco-formosa este;cria;551;214;678;127;337;26;28;60;108;;;
Argentina;Chaco;Comandante Fernandez;2016;chaco-formosa este;cria;551;214;678;127;337;26;28;60;108;;;
Argentina;Chaco;Fray Justo Santa Maria De Oro;2016;chaco-formosa este;cria;551;214;678;127;337;26;28;60;108;;;
Argentina;Chaco;General Donovan;2016;chaco-formosa este;cria;551;214;678;127;337;26;28;60;108;;;
Argentina;Chaco;Independencia;2016;chaco-formosa este;cria;551;214;678;127;337;26;28;60;108;;;
Argentina;Chaco;Libertad;2016;chaco-formosa este;cria;551;214;678;127;337;26;28;60;108;;;
Argentina;Chaco;Libertador General San Martin;2016;chaco-formosa este;cria;551;214;678;127;337;26;28;60;108;;;
Argentina;Chaco;Maipu;2016;chaco-formosa este;cria;551;214;678;127;337;26;28;60;108;;;
Argentina;Chaco;Mayor Luis J Fontana;2016;chaco-formosa este;cria;551;214;678;127;337;26;28;60;108;;;
Argentina;Chaco;O'Higgins;2016;chaco-formosa este;cria;551;214;678;127;337;26;28;60;108;;;
Argentina;Chaco;Quitilipi;2016;chaco-formosa este;cria;551;214;678;127;337;26;28;60;108;;;
Argentina;Chaco;San Lorenzo;2016;chaco-formosa este;cria;551;214;678;127;337;26;28;60;108;;;
Argentina;Formosa;Formosa;2016;chaco-formosa este;cria;551;214;678;127;337;26;28;60;108;;;
Argentina;Formosa;Laishi;2016;chaco-formosa este;cria;551;214;678;127;337;26;28;60;108;;;
Argentina;Formosa;Pilagas;2016;chaco-formosa este;cria;551;214;678;127;337;26;28;60;108;;;
Argentina;Formosa;Pilcomayo;2016;chaco-formosa este;cria;551;214;678;127;337;26;28;60;108;;;
Argentina;Formosa;Pirane;2016;chaco-formosa este;cria;551;214;678;127;337;26;28;60;108;;;
Argentina;Chaco;Almirante Brown;2016;chaco-formosa oeste;cria;362;112;462;100;250;25;19;60;75;;;
Argentina;Chaco;General Guemes;2016;chaco-formosa oeste;cria;362;112;462;100;250;25;19;60;75;;;
Argentina;Formosa;Bermejo;2016;chaco-formosa oeste;cria;362;112;462;100;250;25;19;60;75;;;
Argentina;Formosa;Patiño;2016;chaco-formosa oeste;cria;362;112;462;100;250;25;19;60;75;;;
Argentina;Formosa;Ramon Lista;2016;chaco-formosa oeste;cria;362;112;462;100;250;25;19;60;75;;;
Argentina;Cordoba;Calamuchita;2016;cordoba norte;cria;596;249;708;112;346;31;30;65;95;;;
Argentina;Cordoba;Capital;2016;cordoba norte;cria;596;249;708;112;346;31;30;65;95;;;
Argentina;Cordoba;Colon;2016;cordoba norte;cria;596;249;708;112;346;31;30;65;95;;;
Argentina;Cordoba;Cruz Del Eje;2016;cordoba norte;cria;596;249;708;112;346;31;30;65;95;;;
Argentina;Cordoba;Ischilin;2016;cordoba norte;cria;596;249;708;112;346;31;30;65;95;;;
Argentina;Cordoba;Minas;2016;cordoba norte;cria;596;249;708;112;346;31;30;65;95;;;
Argentina;Cordoba;Pocho;2016;cordoba norte;cria;596;249;708;112;346;31;30;65;95;;;
Argentina;Cordoba;Punilla;2016;cordoba norte;cria;596;249;708;112;346;31;30;65;95;;;
Argentina;Cordoba;Rio Seco;2016;cordoba norte;cria;596;249;708;112;346;31;30;65;95;;;
Argentina;Cordoba;San Alberto;2016;cordoba norte;cria;596;249;708;112;346;31;30;65;95;;;
Argentina;Cordoba;San Javier;2016;cordoba norte;cria;596;249;708;112;346;31;30;65;95;;;
Argentina;Cordoba;Santa Maria;2016;cordoba norte;cria;596;249;708;112;346;31;30;65;95;;;
Argentina;Cordoba;Sobremonte;2016;cordoba norte;cria;596;249;708;112;346;31;30;65;95;;;
Argentina;Cordoba;Totoral;2016;cordoba norte;cria;596;249;708;112;346;31;30;65;95;;;
Argentina;Cordoba;Tulumba;2016;cordoba norte;cria;596;249;708;112;346;31;30;65;95;;;
Argentina;Corrientes;Bella Vista;2016;corrientes noroeste;cria;856;524;1020;164;332;24;43;60;181;;;
Argentina;Corrientes;Capital;2016;corrientes noroeste;cria;856;524;1020;164;332;24;43;60;181;;;
Argentina;Corrientes;Concepcion;2016;corrientes noroeste;cria;856;524;1020;164;332;24;43;60;181;;;
Argentina;Corrientes;Empedrado;2016;corrientes noroeste;cria;856;524;1020;164;332;24;43;60;181;;;
Argentina;Corrientes;General Paz;2016;corrientes noroeste;cria;856;524;1020;164;332;24;43;60;181;;;
Argentina;Corrientes;Goya;2016;corrientes noroeste;cria;856;524;1020;164;332;24;43;60;181;;;
Argentina;Corrientes;Ituzaingo;2016;corrientes noroeste;cria;856;524;1020;164;332;24;43;60;181;;;
Argentina;Corrientes;Monte Caseros;2016;corrientes centro sur;cria;1281;1079;1527;246;202;31;63;67;201;;;
Argentina;Corrientes;Saladas;2016;corrientes noroeste;cria;856;524;1020;164;332;24;43;60;181;;;
Argentina;Corrientes;San Luis Del Palmar;2016;corrientes noroeste;cria;856;524;1020;164;332;24;43;60;181;;;
Argentina;Corrientes;San Miguel;2016;corrientes noroeste;cria;856;524;1020;164;332;24;43;60;181;;;
Argentina;Corrientes;San Roque;2016;corrientes noroeste;cria;856;524;1020;164;332;24;43;60;181;;;
Argentina;Santa Fe;General Obligado;2016;corrientes noroeste;cria;856;524;1020;164;332;24;43;60;181;;;
Argentina;Buenos Aires;25 De Mayo;2016;cuenca del salado;cria;2024;1270;2280;256;754;33;92;72;276;;;
Argentina;Buenos Aires;Adolfo Gonzales Chaves;2016;cuenca del salado;cria;2024;1270;2280;256;754;33;92;72;276;;;
Argentina;Buenos Aires;Ayacucho;2016;cuenca del salado;cria;2024;1270;2280;256;754;33;92;72;276;;;
Argentina;Buenos Aires;Azul;2016;cuenca del salado;cria;2024;1270;2280;256;754;33;92;72;276;;;
Argentina;Buenos Aires;Brandsen;2016;cuenca del salado;cria;2024;1270;2280;256;754;33;92;72;276;;;
Argentina;Buenos Aires;Cañuelas;2016;cuenca del salado;cria;2024;1270;2280;256;754;33;92;72;276;;;
Argentina;Buenos Aires;Castelli;2016;cuenca del salado;cria;2024;1270;2280;256;754;33;92;72;276;;;
Argentina;Buenos Aires;Chascomus;2016;cuenca del salado;cria;2024;1270;2280;256;754;33;92;72;276;;;
Argentina;Buenos Aires;Dolores;2016;cuenca del salado;cria;2024;1270;2280;256;754;33;92;72;276;;;
Argentina;Buenos Aires;General Alvear;2016;cuenca del salado;cria;2024;1270;2280;256;754;33;92;72;276;;;
Argentina;Buenos Aires;General Belgrano;2016;cuenca del salado;cria;2024;1270;2280;256;754;33;92;72;276;;;
Argentina;Buenos Aires;General Guido;2016;cuenca del salado;cria;2024;1270;2280;256;754;33;92;72;276;;;
Argentina;Buenos Aires;General Lamadrid;2016;cuenca del salado;cria;2024;1270;2280;256;754;33;92;72;276;;;
Argentina;Buenos Aires;General Las Heras;2016;cuenca del salado;cria;2024;1270;2280;256;754;33;92;72;276;;;
Argentina;Buenos Aires;General Lavalle;2016;cuenca del salado;cria;2024;1270;2280;256;754;33;92;72;276;;;
Argentina;Buenos Aires;General Juan Madariaga;2016;cuenca del salado;cria;2024;1270;2280;256;754;33;92;72;276;;;
Argentina;Buenos Aires;General Paz;2016;cuenca del salado;cria;2024;1270;2280;256;754;33;92;72;276;;;
Argentina;Buenos Aires;La Plata;2016;cuenca del salado;cria;2024;1270;2280;256;754;33;92;72;276;;;
Argentina;Buenos Aires;Laprida;2016;cuenca del salado;cria;2024;1270;2280;256;754;33;92;72;276;;;
Argentina;Buenos Aires;Las Flores;2016;cuenca del salado;cria;2024;1270;2280;256;754;33;92;72;276;;;
Argentina;Buenos Aires;Lobos;2016;cuenca del salado;cria;2024;1270;2280;256;754;33;92;72;276;;;
Argentina;Buenos Aires;Magdalena;2016;cuenca del salado;cria;2024;1270;2280;256;754;33;92;72;276;;;
Argentina;Buenos Aires;Maipu;2016;cuenca del salado;cria;2024;1270;2280;256;754;33;92;72;276;;;
Argentina;Buenos Aires;Mar Chiquita;2016;cuenca del salado;cria;2024;1270;2280;256;754;33;92;72;276;;;
Argentina;Buenos Aires;Marcos Paz;2016;cuenca del salado;cria;2024;1270;2280;256;754;33;92;72;276;;;
Argentina;Buenos Aires;Monte;2016;cuenca del salado;cria;2024;1270;2280;256;754;33;92;72;276;;;
Argentina;Buenos Aires;Navarro;2016;cuenca del salado;cria;2024;1270;2280;256;754;33;92;72;276;;;
Argentina;Buenos Aires;Olavarria;2016;cuenca del salado;cria;2024;1270;2280;256;754;33;92;72;276;;;
Argentina;Buenos Aires;Pila;2016;cuenca del salado;cria;2024;1270;2280;256;754;33;92;72;276;;;
Argentina;Buenos Aires;Punta Indio;2016;cuenca del salado;cria;2024;1270;2280;256;754;33;92;72;276;;;
Argentina;Buenos Aires;Rauch;2016;cuenca del salado;cria;2024;1270;2280;256;754;33;92;72;276;;;
Argentina;Buenos Aires;Roque Perez;2016;cuenca del salado;cria;2024;1270;2280;256;754;33;92;72;276;;;
Argentina;Buenos Aires;Saladillo;2016;cuenca del salado;cria;2024;1270;2280;256;754;33;92;72;276;;;
Argentina;Buenos Aires;San Vicente;2016;cuenca del salado;cria;2024;1270;2280;256;754;33;92;72;276;;;
Argentina;Buenos Aires;Tapalque;2016;cuenca del salado;cria;2024;1270;2280;256;754;33;92;72;276;;;
Argentina;Buenos Aires;Tordillo;2016;cuenca del salado;cria;2024;1270;2280;256;754;33;92;72;276;;;
Argentina;Entre Rios;Concordia;2016;entre rios norte;cria;1387;891;1625;238;496;34;68;67;204;;;
Argentina;Entre Rios;Federacion;2016;entre rios norte;cria;1387;891;1625;238;496;34;68;67;204;;;
Argentina;Entre Rios;Federal;2016;entre rios norte;cria;1387;891;1625;238;496;34;68;67;204;;;
Argentina;Entre Rios;Feliciano;2016;entre rios norte;cria;1387;891;1625;238;496;34;68;67;204;;;
Argentina;Entre Rios;La Paz;2016;entre rios norte;cria;1387;891;1625;238;496;34;68;67;204;;;
Argentina;Entre Rios;Colon;2016;entre rios sw;invernada;2857;1226;5951;3094;1630;59;284;-99999;482;;;
Argentina;Entre Rios;Diamante;2016;entre rios sw;invernada;2857;1226;5951;3094;1630;59;284;-99999;482;;;
Argentina;Entre Rios;Gualeguay;2016;entre rios sw;invernada;2857;1226;5951;3094;1630;59;284;-99999;482;;;
Argentina;Entre Rios;Gualeguaychu;2016;entre rios sw;invernada;2857;1226;5951;3094;1630;59;284;-99999;482;;;
Argentina;Entre Rios;Nogoya;2016;entre rios sw;invernada;2857;1226;5951;3094;1630;59;284;-99999;482;;;
Argentina;Entre Rios;Parana;2016;entre rios sw;invernada;2857;1226;5951;3094;1630;59;284;-99999;482;;;
Argentina;Entre Rios;San Salvador;2016;entre rios sw;invernada;2857;1226;5951;3094;1630;59;284;-99999;482;;;
Argentina;Entre Rios;Tala;2016;entre rios sw;invernada;2857;1226;5951;3094;1630;59;284;-99999;482;;;
Argentina;Entre Rios;Uruguay;2016;entre rios sw;invernada;2857;1226;5951;3094;1630;59;284;-99999;482;;;
Argentina;Entre Rios;Victoria;2016;entre rios sw;invernada;2857;1226;5951;3094;1630;59;284;-99999;482;;;
Argentina;Entre Rios;Villaguay;2016;entre rios sw;invernada;2857;1226;5951;3094;1630;59;284;-99999;482;;;
Argentina;Entre Rios;Islas Del Ibicuy;2016;islas de entre rios 1;invernada;709;477;1074;365;232;39;51;-99999;132;;;
Argentina;La Pampa;Caleu Caleu;2016;la pampa-san luis arida;cria;328;211;389;61;117;31;17;65;55;;;
Argentina;La Pampa;Chalileo;2016;la pampa-san luis arida;cria;328;211;389;61;117;31;17;65;55;;;
Argentina;La Pampa;Curaco;2016;la pampa-san luis arida;cria;328;211;389;61;117;31;17;65;55;;;
Argentina;La Pampa;Hucal;2016;la pampa-san luis arida;cria;328;211;389;61;117;31;17;65;55;;;
Argentina;La Pampa;Lihuel Calel;2016;la pampa-san luis arida;cria;328;211;389;61;117;31;17;65;55;;;
Argentina;La Pampa;Limay Mahuida;2016;la pampa-san luis arida;cria;328;211;389;61;117;31;17;65;55;;;
Argentina;La Pampa;Utracan;2016;la pampa-san luis arida;cria;328;211;389;61;117;31;17;65;55;;;
Argentina;San Luis;Ayacucho;2016;la pampa-san luis arida;cria;328;211;389;61;117;31;17;65;55;;;
Argentina;San Luis;Belgrano;2016;la pampa-san luis arida;cria;328;211;389;61;117;31;17;65;55;;;
Argentina;San Luis;Junin;2016;la pampa-san luis arida;cria;328;211;389;61;117;31;17;65;55;;;
Argentina;San Luis;Libertador General San Martin;2016;la pampa-san luis arida;cria;328;211;389;61;117;31;17;65;55;;;
Argentina;La Pampa;Guatrache;2016;la pampa-san luis semiarida;cria;586;407;807;220;179;33;34;70;102;;;
Argentina;La Pampa;Loventue;2016;la pampa-san luis semiarida;cria;586;407;807;220;179;33;34;70;102;;;
Argentina;La Pampa;Toay;2016;la pampa-san luis semiarida;cria;586;407;807;220;179;33;34;70;102;;;
Argentina;San Luis;Chacabuco;2016;la pampa-san luis semiarida;cria;586;407;807;220;179;33;34;70;102;;;
Argentina;San Luis;Coronel Pringles;2016;la pampa-san luis semiarida;cria;586;407;807;220;179;33;34;70;102;;;
Argentina;San Luis;La Capital;2016;la pampa-san luis semiarida;cria;586;407;807;220;179;33;34;70;102;;;
Argentina;Buenos Aires;Adolfo Alsina;2016;pampeana subhumeda;ciclo completo;1093;819;1571;478;274;36;63;75;176;;;
Argentina;Buenos Aires;Carlos Tejedor;2016;pampeana subhumeda;ciclo completo;1093;819;1571;478;274;36;63;75;176;;;
Argentina;Buenos Aires;General Villegas;2016;pampeana subhumeda;ciclo completo;1093;819;1571;478;274;36;63;75;176;;;
Argentina;Buenos Aires;Guamini;2016;pampeana subhumeda;ciclo completo;1093;819;1571;478;274;36;63;75;176;;;
Argentina;Buenos Aires;Pellegrini;2016;pampeana subhumeda;invernada;3148;1761;5399;2252;1387;53;260;-99999;492;;;
Argentina;Buenos Aires;Rivadavia;2016;pampeana subhumeda;invernada;3148;1761;5399;2252;1387;53;260;-99999;492;;;
Argentina;Buenos Aires;Salliquelo;2016;pampeana subhumeda;invernada;3148;1761;5399;2252;1387;53;260;-99999;492;;;
Argentina;Buenos Aires;Trenque Lauquen;2016;pampeana subhumeda;ciclo completo;1093;819;1571;478;274;36;63;75;176;;;
Argentina;Buenos Aires;Tres Lomas;2016;pampeana subhumeda;invernada;3148;1761;5399;2252;1387;53;260;-99999;492;;;
Argentina;Cordoba;General Roca;2016;pampeana subhumeda;invernada;3148;1761;5399;2252;1387;53;260;-99999;492;;;
Argentina;Cordoba;Rio Cuarto;2016;pampeana subhumeda;ciclo completo;1093;819;1571;478;274;36;63;75;176;;;
Argentina;La Pampa;Atreuco;2016;pampeana subhumeda;ciclo completo;1093;819;1571;478;274;36;63;75;176;;;
Argentina;La Pampa;Capital;2016;pampeana subhumeda;ciclo completo;1093;819;1571;478;274;36;63;75;176;;;
Argentina;La Pampa;Catrilo;2016;pampeana subhumeda;invernada;3148;1761;5399;2252;1387;53;260;-99999;492;;;
Argentina;La Pampa;Chapaleufu;2016;pampeana subhumeda;invernada;3148;1761;5399;2252;1387;53;260;-99999;492;;;
Argentina;La Pampa;Conhelo;2016;pampeana subhumeda;invernada;3148;1761;5399;2252;1387;53;260;-99999;492;;;
Argentina;La Pampa;Maraco;2016;pampeana subhumeda;invernada;3148;1761;5399;2252;1387;53;260;-99999;492;;;
Argentina;La Pampa;Quemu Quemu;2016;pampeana subhumeda;invernada;3148;1761;5399;2252;1387;53;260;-99999;492;;;
Argentina;La Pampa;Rancul;2016;pampeana subhumeda;invernada;3148;1761;5399;2252;1387;53;260;-99999;492;;;
Argentina;La Pampa;Realico;2016;pampeana subhumeda;invernada;3148;1761;5399;2252;1387;53;260;-99999;492;;;
Argentina;La Pampa;Trenel;2016;pampeana subhumeda;invernada;3148;1761;5399;2252;1387;53;260;-99999;492;;;
Argentina;San Luis;General Pedernera;2016;pampeana subhumeda;ciclo completo;1093;819;1571;478;274;36;63;75;176;;;
Argentina;San Luis;Gobernador Dupuy;2016;pampeana subhumeda;ciclo completo;1093;819;1571;478;274;36;63;75;176;;;
Argentina;Salta;Cachi;2016;salta;cria;299;98;403;104;201;27;17;55;65;;;
Argentina;Salta;Cafayate;2016;salta;cria;299;98;403;104;201;27;17;55;65;;;
Argentina;Salta;Capital;2016;salta;cria;299;98;403;104;201;27;17;55;65;;;
Argentina;Salta;Cerrillos;2016;salta;cria;299;98;403;104;201;27;17;55;65;;;
Argentina;Salta;General Guemes;2016;salta;cria;299;98;403;104;201;27;17;55;65;;;
Argentina;Salta;General Jose De San Martin;2016;salta;cria;299;98;403;104;201;27;17;55;65;;;
Argentina;Salta;Guachipas;2016;salta;cria;299;98;403;104;201;27;17;55;65;;;
Argentina;Salta;La Caldera;2016;salta;cria;299;98;403;104;201;27;17;55;65;;;
Argentina;Salta;La Candelaria;2016;salta;cria;299;98;403;104;201;27;17;55;65;;;
Argentina;Salta;La Poma;2016;salta;cria;299;98;403;104;201;27;17;55;65;;;
Argentina;Salta;La Viña;2016;salta;cria;299;98;403;104;201;27;17;55;65;;;
Argentina;Salta;Rosario De La Frontera;2016;salta;cria;299;98;403;104;201;27;17;55;65;;;
Argentina;Santa Fe;Belgrano;2016;santa fe centro;invernada;1223;398;1637;414;824;40;75;-99999;189;;;
Argentina;Santa Fe;Castellanos;2016;santa fe centro;invernada;1223;398;1637;414;824;40;75;-99999;189;;;
Argentina;Santa Fe;Iriondo;2016;santa fe centro;invernada;1223;398;1637;414;824;40;75;-99999;189;;;
Argentina;Santa Fe;La Capital;2016;santa fe centro;invernada;1223;398;1637;414;824;40;75;-99999;189;;;
Argentina;Santa Fe;Las Colonias;2016;santa fe centro;invernada;1223;398;1637;414;824;40;75;-99999;189;;;
Argentina;Santa Fe;Rosario;2016;santa fe centro;invernada;1223;398;1637;414;824;40;75;-99999;189;;;
Argentina;Santa Fe;San Cristobal;2016;santa fe centro;invernada;1223;398;1637;414;824;40;75;-99999;189;;;
Argentina;Santa Fe;San Jeronimo;2016;santa fe centro;invernada;1223;398;1637;414;824;40;75;-99999;189;;;
Argentina;Santa Fe;San Lorenzo;2016;santa fe centro;invernada;1223;398;1637;414;824;40;75;-99999;189;;;
Argentina;Santa Fe;San Martin;2016;santa fe centro;invernada;1223;398;1637;414;824;40;75;-99999;189;;;
Argentina;Santiago Del Estero;Rivadavia;2016;santa fe centro;invernada;1223;398;1637;414;824;40;75;-99999;189;;;
Argentina;Santiago Del Estero;Aguirre;2016;santiago del estero;cria;493;134;636;144;359;29;27;60;94;;;
Argentina;Santiago Del Estero;Atamisqui;2016;santiago del estero;cria;493;134;636;144;359;29;27;60;94;;;
Argentina;Santiago Del Estero;Avellaneda;2016;santiago del estero;cria;493;134;636;144;359;29;27;60;94;;;
Argentina;Santiago Del Estero;Belgrano;2016;santiago del estero;cria;493;134;636;144;359;29;27;60;94;;;
Argentina;Santiago Del Estero;Capital;2016;santiago del estero;cria;493;134;636;144;359;29;27;60;94;;;
Argentina;Santiago Del Estero;Choya;2016;santiago del estero;cria;493;134;636;144;359;29;27;60;94;;;
Argentina;Santiago Del Estero;Figueroa;2016;santiago del estero;cria;493;134;636;144;359;29;27;60;94;;;
Argentina;Santiago Del Estero;Guayasan;2016;santiago del estero;cria;493;134;636;144;359;29;27;60;94;;;
Argentina;Santiago Del Estero;Jimenez;2016;santiago del estero;cria;493;134;636;144;359;29;27;60;94;;;
Argentina;Santiago Del Estero;Juan F. Ibarra;2016;santiago del estero;cria;493;134;636;144;359;29;27;60;94;;;
Argentina;Santiago Del Estero;La Banda;2016;santiago del estero;cria;493;134;636;144;359;29;27;60;94;;;
Argentina;Santiago Del Estero;Loreto;2016;santiago del estero;cria;493;134;636;144;359;29;27;60;94;;;
Argentina;Santiago Del Estero;Mitre;2016;santiago del estero;cria;493;134;636;144;359;29;27;60;94;;;
Argentina;Santiago Del Estero;Ojo De Agua;2016;santiago del estero;cria;493;134;636;144;359;29;27;60;94;;;
Argentina;Santiago Del Estero;Pellegrini;2016;santiago del estero;cria;493;134;636;144;359;29;27;60;94;;;
Argentina;Santiago Del Estero;Quebrachos;2016;santiago del estero;cria;493;134;636;144;359;29;27;60;94;;;
Argentina;Santiago Del Estero;Robles;2016;santiago del estero;cria;493;134;636;144;359;29;27;60;94;;;
Argentina;Santiago Del Estero;Salavina;2016;santiago del estero;cria;493;134;636;144;359;29;27;60;94;;;
Argentina;Santiago Del Estero;San Martin;2016;santiago del estero;cria;493;134;636;144;359;29;27;60;94;;;
Argentina;Santiago Del Estero;Sarmiento;2016;santiago del estero;cria;493;134;636;144;359;29;27;60;94;;;
Argentina;Santiago Del Estero;Silipica;2016;santiago del estero;cria;493;134;636;144;359;29;27;60;94;;;
Argentina;Corrientes;Curuzu Cuatia;2016;corrientes centro sur;cria;1281;1079;1527;246;202;31;63;67;201;;;
Argentina;Corrientes;Mercedes;2016;corrientes centro sur;cria;1281;1079;1527;246;202;31;63;67;201;;;
Argentina;Corrientes;Sauce;2016;corrientes centro sur;cria;1281;1079;1527;246;202;31;63;67;201;;;
Argentina;Buenos Aires;Lezama;2016;cuenca del salado;cria;2024;1270;2280;256;754;33;92;72;276;;;
Argentina;Buenos Aires;Bolivar;2016;buenos aires centro-sudoeste;ciclo completo;1488;430;2571;1083;1057;36;117;69;323;;;
Argentina;Buenos Aires;Daireaux;2016;buenos aires centro-sudoeste;ciclo completo;1488;430;2571;1083;1057;36;117;69;323;;;
Argentina;Buenos Aires;Coronel Suarez;2016;buenos aires centro-sudoeste;ciclo completo;1488;430;2571;1083;1057;36;117;69;323;;;
Argentina;Cordoba;General San Martin;2016;centro cordoba sur;ciclo completo;1852;750;3348;1496;1102;40;157;65;397;;;
Argentina;Cordoba;Juarez Celman;2016;centro cordoba sur;ciclo completo;1852;750;3348;1496;1102;40;157;65;397;;;
Argentina;Cordoba;Marcos Juarez;2016;centro cordoba sur;ciclo completo;1852;750;3348;1496;1102;40;157;65;397;;;
Argentina;Cordoba;Presidente Roque Saenz Peña;2016;centro cordoba sur;ciclo completo;1852;750;3348;1496;1102;40;157;65;397;;;
Argentina;Cordoba;Rio Primero;2016;centro cordoba sur;ciclo completo;1852;750;3348;1496;1102;40;157;65;397;;;
Argentina;Cordoba;Rio Segundo;2016;centro cordoba sur;ciclo completo;1852;750;3348;1496;1102;40;157;65;397;;;
Argentina;Cordoba;San Justo;2016;centro cordoba sur;ciclo completo;1852;750;3348;1496;1102;40;157;65;397;;;
Argentina;Cordoba;Tercero Arriba;2016;centro cordoba sur;ciclo completo;1852;750;3348;1496;1102;40;157;65;397;;;
Argentina;Cordoba;Union;2016;centro cordoba sur;ciclo completo;1852;750;3348;1496;1102;40;157;65;397;;;
Argentina;Chaco;9 De Julio;2016;chaco humedo;ciclo completo;694;351;994;299;344;25;46;60;182;;;
Argentina;Chaco;Chacabuco;2016;chaco humedo;ciclo completo;694;351;994;299;344;25;46;60;182;;;
Argentina;Chaco;General Belgrano;2016;chaco humedo;ciclo completo;694;351;994;299;344;25;46;60;182;;;
Argentina;Chaco;Presidencia De La Plaza;2016;chaco humedo;ciclo completo;694;351;994;299;344;25;46;60;182;;;
Argentina;Chaco;San Fernando;2016;chaco humedo;ciclo completo;694;351;994;299;344;25;46;60;182;;;
Argentina;Chaco;Sargento Cabral;2016;chaco humedo;ciclo completo;694;351;994;299;344;25;46;60;182;;;
Argentina;Chaco;Tapenaga;2016;chaco humedo;ciclo completo;694;351;994;299;344;25;46;60;182;;;
Argentina;Chaco;1 De Mayo;2016;chaco-formosa este;cria;564;248;691;127;316;26;28;60;108;;;
Argentina;Chaco;12 De Octubre;2016;chaco-formosa este;cria;564;248;691;127;316;26;28;60;108;;;
Argentina;Chaco;2 De Abril;2016;chaco-formosa este;cria;564;248;691;127;316;26;28;60;108;;;
Argentina;Chaco;25 De Mayo;2016;chaco-formosa este;cria;564;248;691;127;316;26;28;60;108;;;
Argentina;Chaco;Bermejo;2016;chaco-formosa este;cria;564;248;691;127;316;26;28;60;108;;;
Argentina;Chaco;Comandante Fernandez;2016;chaco-formosa este;cria;564;248;691;127;316;26;28;60;108;;;
Argentina;Chaco;Fray Justo Santa Maria De Oro;2016;chaco-formosa este;cria;564;248;691;127;316;26;28;60;108;;;
Argentina;Chaco;General Donovan;2016;chaco-formosa este;cria;564;248;691;127;316;26;28;60;108;;;
Argentina;Chaco;Independencia;2016;chaco-formosa este;cria;564;248;691;127;316;26;28;60;108;;;
Argentina;Chaco;Libertad;2016;chaco-formosa este;cria;564;248;691;127;316;26;28;60;108;;;
Argentina;Chaco;Libertador General San Martin;2016;chaco-formosa este;cria;564;248;691;127;316;26;28;60;108;;;
Argentina;Chaco;Maipu;2016;chaco-formosa este;cria;564;248;691;127;316;26;28;60;108;;;
Argentina;Chaco;Mayor Luis J Fontana;2016;chaco-formosa este;cria;564;248;691;127;316;26;28;60;108;;;
Argentina;Chaco;O'Higgins;2016;chaco-formosa este;cria;564;248;691;127;316;26;28;60;108;;;
Argentina;Chaco;Quitilipi;2016;chaco-formosa este;cria;564;248;691;127;316;26;28;60;108;;;
Argentina;Chaco;San Lorenzo;2016;chaco-formosa este;cria;564;248;691;127;316;26;28;60;108;;;
Argentina;Formosa;Formosa;2016;chaco-formosa este;cria;564;248;691;127;316;26;28;60;108;;;
Argentina;Formosa;Laishi;2016;chaco-formosa este;cria;564;248;691;127;316;26;28;60;108;;;
Argentina;Formosa;Pilagas;2016;chaco-formosa este;cria;564;248;691;127;316;26;28;60;108;;;
Argentina;Formosa;Pilcomayo;2016;chaco-formosa este;cria;564;248;691;127;316;26;28;60;108;;;
Argentina;Formosa;Pirane;2016;chaco-formosa este;cria;564;248;691;127;316;26;28;60;108;;;
Argentina;Chaco;Almirante Brown;2016;chaco-formosa oeste;cria;373;140;472;100;233;25;19;60;75;;;
Argentina;Chaco;General Guemes;2016;chaco-formosa oeste;cria;373;140;472;100;233;25;19;60;75;;;
Argentina;Formosa;Bermejo;2016;chaco-formosa oeste;cria;373;140;472;100;233;25;19;60;75;;;
Argentina;Formosa;Patiño;2016;chaco-formosa oeste;cria;373;140;472;100;233;25;19;60;75;;;
Argentina;Formosa;Ramon Lista;2016;chaco-formosa oeste;cria;373;140;472;100;233;25;19;60;75;;;
Argentina;Cordoba;Calamuchita;2016;cordoba norte;cria;625;295;738;112;331;31;30;65;95;;;
Argentina;Cordoba;Capital;2016;cordoba norte;cria;625;295;738;112;331;31;30;65;95;;;
Argentina;Cordoba;Colon;2016;cordoba norte;cria;625;295;738;112;331;31;30;65;95;;;
Argentina;Cordoba;Cruz Del Eje;2016;cordoba norte;cria;625;295;738;112;331;31;30;65;95;;;
Argentina;Cordoba;Ischilin;2016;cordoba norte;cria;625;295;738;112;331;31;30;65;95;;;
Argentina;Cordoba;Minas;2016;cordoba norte;cria;625;295;738;112;331;31;30;65;95;;;
Argentina;Cordoba;Pocho;2016;cordoba norte;cria;625;295;738;112;331;31;30;65;95;;;
Argentina;Cordoba;Punilla;2016;cordoba norte;cria;625;295;738;112;331;31;30;65;95;;;
Argentina;Cordoba;Rio Seco;2016;cordoba norte;cria;625;295;738;112;331;31;30;65;95;;;
Argentina;Cordoba;San Alberto;2016;cordoba norte;cria;625;295;738;112;331;31;30;65;95;;;
Argentina;Cordoba;San Javier;2016;cordoba norte;cria;625;295;738;112;331;31;30;65;95;;;
Argentina;Cordoba;Santa Maria;2016;cordoba norte;cria;625;295;738;112;331;31;30;65;95;;;
Argentina;Cordoba;Sobremonte;2016;cordoba norte;cria;625;295;738;112;331;31;30;65;95;;;
Argentina;Cordoba;Totoral;2016;cordoba norte;cria;625;295;738;112;331;31;30;65;95;;;
Argentina;Cordoba;Tulumba;2016;cordoba norte;cria;625;295;738;112;331;31;30;65;95;;;
Argentina;Corrientes;Bella Vista;2016;corrientes noroeste;cria;893;578;1040;146;316;25;41;65;162;;;
Argentina;Corrientes;Capital;2016;corrientes noroeste;cria;893;578;1040;146;316;25;41;65;162;;;
Argentina;Corrientes;Concepcion;2016;corrientes noroeste;cria;893;578;1040;146;316;25;41;65;162;;;
Argentina;Corrientes;Empedrado;2016;corrientes noroeste;cria;893;578;1040;146;316;25;41;65;162;;;
Argentina;Corrientes;General Paz;2016;corrientes noroeste;cria;893;578;1040;146;316;25;41;65;162;;;
Argentina;Corrientes;Goya;2016;corrientes noroeste;cria;893;578;1040;146;316;25;41;65;162;;;
Argentina;Corrientes;Ituzaingo;2016;corrientes noroeste;cria;893;578;1040;146;316;25;41;65;162;;;
Argentina;Corrientes;Monte Caseros;2016;corrientes centro sur;cria;1323;1125;1567;244;198;31;63;67;201;;;
Argentina;Corrientes;Saladas;2016;corrientes noroeste;cria;893;578;1040;146;316;25;41;65;162;;;
Argentina;Corrientes;San Luis Del Palmar;2016;corrientes noroeste;cria;893;578;1040;146;316;25;41;65;162;;;
Argentina;Corrientes;San Miguel;2016;corrientes noroeste;cria;893;578;1040;146;316;25;41;65;162;;;
Argentina;Corrientes;San Roque;2016;corrientes noroeste;cria;893;578;1040;146;316;25;41;65;162;;;
Argentina;Santa Fe;General Obligado;2016;corrientes noroeste;cria;893;578;1040;146;316;25;41;65;162;;;
Argentina;Buenos Aires;25 De Mayo;2016;cuenca del salado;cria;2030;1330;2286;256;700;33;92;72;276;;;
Argentina;Buenos Aires;Adolfo Gonzales Chaves;2016;cuenca del salado;cria;2030;1330;2286;256;700;33;92;72;276;;;
Argentina;Buenos Aires;Ayacucho;2016;cuenca del salado;cria;2030;1330;2286;256;700;33;92;72;276;;;
Argentina;Buenos Aires;Azul;2016;cuenca del salado;cria;2030;1330;2286;256;700;33;92;72;276;;;
Argentina;Buenos Aires;Brandsen;2016;cuenca del salado;cria;2030;1330;2286;256;700;33;92;72;276;;;
Argentina;Buenos Aires;Cañuelas;2016;cuenca del salado;cria;2030;1330;2286;256;700;33;92;72;276;;;
Argentina;Buenos Aires;Castelli;2016;cuenca del salado;cria;2030;1330;2286;256;700;33;92;72;276;;;
Argentina;Buenos Aires;Chascomus;2016;cuenca del salado;cria;2030;1330;2286;256;700;33;92;72;276;;;
Argentina;Buenos Aires;Dolores;2016;cuenca del salado;cria;2030;1330;2286;256;700;33;92;72;276;;;
Argentina;Buenos Aires;General Alvear;2016;cuenca del salado;cria;2030;1330;2286;256;700;33;92;72;276;;;
Argentina;Buenos Aires;General Belgrano;2016;cuenca del salado;cria;2030;1330;2286;256;700;33;92;72;276;;;
Argentina;Buenos Aires;General Guido;2016;cuenca del salado;cria;2030;1330;2286;256;700;33;92;72;276;;;
Argentina;Buenos Aires;General Lamadrid;2016;cuenca del salado;cria;2030;1330;2286;256;700;33;92;72;276;;;
Argentina;Buenos Aires;General Las Heras;2016;cuenca del salado;cria;2030;1330;2286;256;700;33;92;72;276;;;
Argentina;Buenos Aires;General Lavalle;2016;cuenca del salado;cria;2030;1330;2286;256;700;33;92;72;276;;;
Argentina;Buenos Aires;General Juan Madariaga;2016;cuenca del salado;cria;2030;1330;2286;256;700;33;92;72;276;;;
Argentina;Buenos Aires;General Paz;2016;cuenca del salado;cria;2030;1330;2286;256;700;33;92;72;276;;;
Argentina;Buenos Aires;La Plata;2016;cuenca del salado;cria;2030;1330;2286;256;700;33;92;72;276;;;
Argentina;Buenos Aires;Laprida;2016;cuenca del salado;cria;2030;1330;2286;256;700;33;92;72;276;;;
Argentina;Buenos Aires;Las Flores;2016;cuenca del salado;cria;2030;1330;2286;256;700;33;92;72;276;;;
Argentina;Buenos Aires;Lobos;2016;cuenca del salado;cria;2030;1330;2286;256;700;33;92;72;276;;;
Argentina;Buenos Aires;Magdalena;2016;cuenca del salado;cria;2030;1330;2286;256;700;33;92;72;276;;;
Argentina;Buenos Aires;Maipu;2016;cuenca del salado;cria;2030;1330;2286;256;700;33;92;72;276;;;
Argentina;Buenos Aires;Mar Chiquita;2016;cuenca del salado;cria;2030;1330;2286;256;700;33;92;72;276;;;
Argentina;Buenos Aires;Marcos Paz;2016;cuenca del salado;cria;2030;1330;2286;256;700;33;92;72;276;;;
Argentina;Buenos Aires;Monte;2016;cuenca del salado;cria;2030;1330;2286;256;700;33;92;72;276;;;
Argentina;Buenos Aires;Navarro;2016;cuenca del salado;cria;2030;1330;2286;256;700;33;92;72;276;;;
Argentina;Buenos Aires;Olavarria;2016;cuenca del salado;cria;2030;1330;2286;256;700;33;92;72;276;;;
Argentina;Buenos Aires;Pila;2016;cuenca del salado;cria;2030;1330;2286;256;700;33;92;72;276;;;
Argentina;Buenos Aires;Punta Indio;2016;cuenca del salado;cria;2030;1330;2286;256;700;33;92;72;276;;;
Argentina;Buenos Aires;Rauch;2016;cuenca del salado;cria;2030;1330;2286;256;700;33;92;72;276;;;
Argentina;Buenos Aires;Roque Perez;2016;cuenca del salado;cria;2030;1330;2286;256;700;33;92;72;276;;;
Argentina;Buenos Aires;Saladillo;2016;cuenca del salado;cria;2030;1330;2286;256;700;33;92;72;276;;;
Argentina;Buenos Aires;San Vicente;2016;cuenca del salado;cria;2030;1330;2286;256;700;33;92;72;276;;;
Argentina;Buenos Aires;Tapalque;2016;cuenca del salado;cria;2030;1330;2286;256;700;33;92;72;276;;;
Argentina;Buenos Aires;Tordillo;2016;cuenca del salado;cria;2030;1330;2286;256;700;33;92;72;276;;;
Argentina;Entre Rios;Concordia;2016;entre rios norte;cria;1412;943;1651;239;469;34;68;67;204;;;
Argentina;Entre Rios;Federacion;2016;entre rios norte;cria;1412;943;1651;239;469;34;68;67;204;;;
Argentina;Entre Rios;Federal;2016;entre rios norte;cria;1412;943;1651;239;469;34;68;67;204;;;
Argentina;Entre Rios;Feliciano;2016;entre rios norte;cria;1412;943;1651;239;469;34;68;67;204;;;
Argentina;Entre Rios;La Paz;2016;entre rios norte;cria;1412;943;1651;239;469;34;68;67;204;;;
Argentina;Entre Rios;Colon;2016;entre rios sw;invernada;701;-856;3720;3019;1557;59;284;-99999;482;;;
Argentina;Entre Rios;Diamante;2016;entre rios sw;invernada;701;-856;3720;3019;1557;59;284;-99999;482;;;
Argentina;Entre Rios;Gualeguay;2016;entre rios sw;invernada;701;-856;3720;3019;1557;59;284;-99999;482;;;
Argentina;Entre Rios;Gualeguaychu;2016;entre rios sw;invernada;701;-856;3720;3019;1557;59;284;-99999;482;;;
Argentina;Entre Rios;Nogoya;2016;entre rios sw;invernada;701;-856;3720;3019;1557;59;284;-99999;482;;;
Argentina;Entre Rios;Parana;2016;entre rios sw;invernada;701;-856;3720;3019;1557;59;284;-99999;482;;;
Argentina;Entre Rios;San Salvador;2016;entre rios sw;invernada;701;-856;3720;3019;1557;59;284;-99999;482;;;
Argentina;Entre Rios;Tala;2016;entre rios sw;invernada;701;-856;3720;3019;1557;59;284;-99999;482;;;
Argentina;Entre Rios;Uruguay;2016;entre rios sw;invernada;701;-856;3720;3019;1557;59;284;-99999;482;;;
Argentina;Entre Rios;Victoria;2016;entre rios sw;invernada;701;-856;3720;3019;1557;59;284;-99999;482;;;
Argentina;Entre Rios;Villaguay;2016;entre rios sw;invernada;701;-856;3720;3019;1557;59;284;-99999;482;;;
Argentina;Entre Rios;Islas Del Ibicuy;2016;islas de entre rios 1;invernada;373;154;726;354;218;39;51;-99999;132;;;
Argentina;La Pampa;Caleu Caleu;2016;la pampa-san luis arida;cria;331;217;393;61;114;31;17;65;55;;;
Argentina;La Pampa;Chalileo;2016;la pampa-san luis arida;cria;331;217;393;61;114;31;17;65;55;;;
Argentina;La Pampa;Curaco;2016;la pampa-san luis arida;cria;331;217;393;61;114;31;17;65;55;;;
Argentina;La Pampa;Hucal;2016;la pampa-san luis arida;cria;331;217;393;61;114;31;17;65;55;;;
Argentina;La Pampa;Lihuel Calel;2016;la pampa-san luis arida;cria;331;217;393;61;114;31;17;65;55;;;
Argentina;La Pampa;Limay Mahuida;2016;la pampa-san luis arida;cria;331;217;393;61;114;31;17;65;55;;;
Argentina;La Pampa;Utracan;2016;la pampa-san luis arida;cria;331;217;393;61;114;31;17;65;55;;;
Argentina;San Luis;Ayacucho;2016;la pampa-san luis arida;cria;331;217;393;61;114;31;17;65;55;;;
Argentina;San Luis;Belgrano;2016;la pampa-san luis arida;cria;331;217;393;61;114;31;17;65;55;;;
Argentina;San Luis;Junin;2016;la pampa-san luis arida;cria;331;217;393;61;114;31;17;65;55;;;
Argentina;San Luis;Libertador General San Martin;2016;la pampa-san luis arida;cria;331;217;393;61;114;31;17;65;55;;;
Argentina;La Pampa;Guatrache;2016;la pampa-san luis semiarida;cria;597;424;811;214;173;33;34;70;102;;;
Argentina;La Pampa;Loventue;2016;la pampa-san luis semiarida;cria;597;424;811;214;173;33;34;70;102;;;
Argentina;La Pampa;Toay;2016;la pampa-san luis semiarida;cria;597;424;811;214;173;33;34;70;102;;;
Argentina;San Luis;Chacabuco;2016;la pampa-san luis semiarida;cria;597;424;811;214;173;33;34;70;102;;;
Argentina;San Luis;Coronel Pringles;2016;la pampa-san luis semiarida;cria;597;424;811;214;173;33;34;70;102;;;
Argentina;San Luis;La Capital;2016;la pampa-san luis semiarida;cria;597;424;811;214;173;33;34;70;102;;;
Argentina;Buenos Aires;Adolfo Alsina;2016;pampeana subhumeda;ciclo completo;978;727;1430;452;251;36;63;75;176;;;
Argentina;Buenos Aires;Carlos Tejedor;2016;pampeana subhumeda;ciclo completo;978;727;1430;452;251;36;63;75;176;;;
Argentina;Buenos Aires;General Villegas;2016;pampeana subhumeda;ciclo completo;978;727;1430;452;251;36;63;75;176;;;
Argentina;Buenos Aires;Guamini;2016;pampeana subhumeda;ciclo completo;978;727;1430;452;251;36;63;75;176;;;
Argentina;Buenos Aires;Pellegrini;2016;pampeana subhumeda;invernada;1247;-101;3509;2262;1348;53;260;-99999;492;;;
Argentina;Buenos Aires;Rivadavia;2016;pampeana subhumeda;invernada;1247;-101;3509;2262;1348;53;260;-99999;492;;;
Argentina;Buenos Aires;Salliquelo;2016;pampeana subhumeda;invernada;1247;-101;3509;2262;1348;53;260;-99999;492;;;
Argentina;Buenos Aires;Trenque Lauquen;2016;pampeana subhumeda;ciclo completo;978;727;1430;452;251;36;63;75;176;;;
Argentina;Buenos Aires;Tres Lomas;2016;pampeana subhumeda;invernada;1247;-101;3509;2262;1348;53;260;-99999;492;;;
Argentina;Cordoba;General Roca;2016;pampeana subhumeda;invernada;1247;-101;3509;2262;1348;53;260;-99999;492;;;
Argentina;Cordoba;Rio Cuarto;2016;pampeana subhumeda;ciclo completo;978;727;1430;452;251;36;63;75;176;;;
Argentina;La Pampa;Atreuco;2016;pampeana subhumeda;ciclo completo;978;727;1430;452;251;36;63;75;176;;;
Argentina;La Pampa;Capital;2016;pampeana subhumeda;ciclo completo;978;727;1430;452;251;36;63;75;176;;;
Argentina;La Pampa;Catrilo;2016;pampeana subhumeda;invernada;1247;-101;3509;2262;1348;53;260;-99999;492;;;
Argentina;La Pampa;Chapaleufu;2016;pampeana subhumeda;invernada;1247;-101;3509;2262;1348;53;260;-99999;492;;;
Argentina;La Pampa;Conhelo;2016;pampeana subhumeda;invernada;1247;-101;3509;2262;1348;53;260;-99999;492;;;
Argentina;La Pampa;Maraco;2016;pampeana subhumeda;invernada;1247;-101;3509;2262;1348;53;260;-99999;492;;;
Argentina;La Pampa;Quemu Quemu;2016;pampeana subhumeda;invernada;1247;-101;3509;2262;1348;53;260;-99999;492;;;
Argentina;La Pampa;Rancul;2016;pampeana subhumeda;invernada;1247;-101;3509;2262;1348;53;260;-99999;492;;;
Argentina;La Pampa;Realico;2016;pampeana subhumeda;invernada;1247;-101;3509;2262;1348;53;260;-99999;492;;;
Argentina;La Pampa;Trenel;2016;pampeana subhumeda;invernada;1247;-101;3509;2262;1348;53;260;-99999;492;;;
Argentina;San Luis;General Pedernera;2016;pampeana subhumeda;ciclo completo;978;727;1430;452;251;36;63;75;176;;;
Argentina;San Luis;Gobernador Dupuy;2016;pampeana subhumeda;ciclo completo;978;727;1430;452;251;36;63;75;176;;;
Argentina;Salta;Cachi;2016;salta;cria;319;140;422;104;178;27;17;55;65;;;
Argentina;Salta;Cafayate;2016;salta;cria;319;140;422;104;178;27;17;55;65;;;
Argentina;Salta;Capital;2016;salta;cria;319;140;422;104;178;27;17;55;65;;;
Argentina;Salta;Cerrillos;2016;salta;cria;319;140;422;104;178;27;17;55;65;;;
Argentina;Salta;General Guemes;2016;salta;cria;319;140;422;104;178;27;17;55;65;;;
Argentina;Salta;General Jose De San Martin;2016;salta;cria;319;140;422;104;178;27;17;55;65;;;
Argentina;Salta;Guachipas;2016;salta;cria;319;140;422;104;178;27;17;55;65;;;
Argentina;Salta;La Caldera;2016;salta;cria;319;140;422;104;178;27;17;55;65;;;
Argentina;Salta;La Candelaria;2016;salta;cria;319;140;422;104;178;27;17;55;65;;;
Argentina;Salta;La Poma;2016;salta;cria;319;140;422;104;178;27;17;55;65;;;
Argentina;Salta;La Viña;2016;salta;cria;319;140;422;104;178;27;17;55;65;;;
Argentina;Salta;Rosario De La Frontera;2016;salta;cria;319;140;422;104;178;27;17;55;65;;;
Argentina;Santa Fe;Belgrano;2016;santa fe centro;invernada;632;-128;1046;414;760;40;75;-99999;189;;;
Argentina;Santa Fe;Castellanos;2016;santa fe centro;invernada;632;-128;1046;414;760;40;75;-99999;189;;;
Argentina;Santa Fe;Iriondo;2016;santa fe centro;invernada;632;-128;1046;414;760;40;75;-99999;189;;;
Argentina;Santa Fe;La Capital;2016;santa fe centro;invernada;632;-128;1046;414;760;40;75;-99999;189;;;
Argentina;Santa Fe;Las Colonias;2016;santa fe centro;invernada;632;-128;1046;414;760;40;75;-99999;189;;;
Argentina;Santa Fe;Rosario;2016;santa fe centro;invernada;632;-128;1046;414;760;40;75;-99999;189;;;
Argentina;Santa Fe;San Cristobal;2016;santa fe centro;invernada;632;-128;1046;414;760;40;75;-99999;189;;;
Argentina;Santa Fe;San Jeronimo;2016;santa fe centro;invernada;632;-128;1046;414;760;40;75;-99999;189;;;
Argentina;Santa Fe;San Lorenzo;2016;santa fe centro;invernada;632;-128;1046;414;760;40;75;-99999;189;;;
Argentina;Santa Fe;San Martin;2016;santa fe centro;invernada;632;-128;1046;414;760;40;75;-99999;189;;;
Argentina;Santiago Del Estero;Rivadavia;2016;santa fe centro;invernada;632;-128;1046;414;760;40;75;-99999;189;;;
Argentina;Santiago Del Estero;Aguirre;2016;santiago del estero;cria;524;193;668;144;331;29;27;60;94;;;
Argentina;Santiago Del Estero;Atamisqui;2016;santiago del estero;cria;524;193;668;144;331;29;27;60;94;;;
Argentina;Santiago Del Estero;Avellaneda;2016;santiago del estero;cria;524;193;668;144;331;29;27;60;94;;;
Argentina;Santiago Del Estero;Belgrano;2016;santiago del estero;cria;524;193;668;144;331;29;27;60;94;;;
Argentina;Santiago Del Estero;Capital;2016;santiago del estero;cria;524;193;668;144;331;29;27;60;94;;;
Argentina;Santiago Del Estero;Choya;2016;santiago del estero;cria;524;193;668;144;331;29;27;60;94;;;
Argentina;Santiago Del Estero;Figueroa;2016;santiago del estero;cria;524;193;668;144;331;29;27;60;94;;;
Argentina;Santiago Del Estero;Guayasan;2016;santiago del estero;cria;524;193;668;144;331;29;27;60;94;;;
Argentina;Santiago Del Estero;Jimenez;2016;santiago del estero;cria;524;193;668;144;331;29;27;60;94;;;
Argentina;Santiago Del Estero;Juan F. Ibarra;2016;santiago del estero;cria;524;193;668;144;331;29;27;60;94;;;
Argentina;Santiago Del Estero;La Banda;2016;santiago del estero;cria;524;193;668;144;331;29;27;60;94;;;
Argentina;Santiago Del Estero;Loreto;2016;santiago del estero;cria;524;193;668;144;331;29;27;60;94;;;
Argentina;Santiago Del Estero;Mitre;2016;santiago del estero;cria;524;193;668;144;331;29;27;60;94;;;
Argentina;Santiago Del Estero;Ojo De Agua;2016;santiago del estero;cria;524;193;668;144;331;29;27;60;94;;;
Argentina;Santiago Del Estero;Pellegrini;2016;santiago del estero;cria;524;193;668;144;331;29;27;60;94;;;
Argentina;Santiago Del Estero;Quebrachos;2016;santiago del estero;cria;524;193;668;144;331;29;27;60;94;;;
Argentina;Santiago Del Estero;Robles;2016;santiago del estero;cria;524;193;668;144;331;29;27;60;94;;;
Argentina;Santiago Del Estero;Salavina;2016;santiago del estero;cria;524;193;668;144;331;29;27;60;94;;;
Argentina;Santiago Del Estero;San Martin;2016;santiago del estero;cria;524;193;668;144;331;29;27;60;94;;;
Argentina;Santiago Del Estero;Sarmiento;2016;santiago del estero;cria;524;193;668;144;331;29;27;60;94;;;
Argentina;Santiago Del Estero;Silipica;2016;santiago del estero;cria;524;193;668;144;331;29;27;60;94;;;
Argentina;Corrientes;Curuzu Cuatia;2016;corrientes centro sur;cria;1323;1125;1567;244;198;31;63;67;201;;;
Argentina;Corrientes;Mercedes;2016;corrientes centro sur;cria;1323;1125;1567;244;198;31;63;67;201;;;
Argentina;Corrientes;Sauce;2016;corrientes centro sur;cria;1323;1125;1567;244;198;31;63;67;201;;;
Argentina;Buenos Aires;Lezama;2016;cuenca del salado;cria;2030;1330;2286;256;700;33;92;72;276;;;
Argentina;Buenos Aires;Bolivar;2015;buenos aires centro-sudoeste;ciclo completo;1242;503;2197;955;740;36;117;69;323;;;
Argentina;Buenos Aires;Daireaux;2015;buenos aires centro-sudoeste;ciclo completo;1242;503;2197;955;740;36;117;69;323;;;
Argentina;Buenos Aires;Coronel Suarez;2015;buenos aires centro-sudoeste;ciclo completo;1242;503;2197;955;740;36;117;69;323;;;
Argentina;Cordoba;General San Martin;2015;centro cordoba sur;ciclo completo;1607;831;2847;1240;776;40;157;65;397;;;
Argentina;Cordoba;Juarez Celman;2015;centro cordoba sur;ciclo completo;1607;831;2847;1240;776;40;157;65;397;;;
Argentina;Cordoba;Marcos Juarez;2015;centro cordoba sur;ciclo completo;1607;831;2847;1240;776;40;157;65;397;;;
Argentina;Cordoba;Presidente Roque Saenz Peña;2015;centro cordoba sur;ciclo completo;1607;831;2847;1240;776;40;157;65;397;;;
Argentina;Cordoba;Rio Primero;2015;centro cordoba sur;ciclo completo;1607;831;2847;1240;776;40;157;65;397;;;
Argentina;Cordoba;Rio Segundo;2015;centro cordoba sur;ciclo completo;1607;831;2847;1240;776;40;157;65;397;;;
Argentina;Cordoba;San Justo;2015;centro cordoba sur;ciclo completo;1607;831;2847;1240;776;40;157;65;397;;;
Argentina;Cordoba;Tercero Arriba;2015;centro cordoba sur;ciclo completo;1607;831;2847;1240;776;40;157;65;397;;;
Argentina;Cordoba;Union;2015;centro cordoba sur;ciclo completo;1607;831;2847;1240;776;40;157;65;397;;;
Argentina;Chaco;9 De Julio;2015;chaco humedo;ciclo completo;575;314;852;277;262;25;46;60;182;;;
Argentina;Chaco;Chacabuco;2015;chaco humedo;ciclo completo;575;314;852;277;262;25;46;60;182;;;
Argentina;Chaco;General Belgrano;2015;chaco humedo;ciclo completo;575;314;852;277;262;25;46;60;182;;;
Argentina;Chaco;Presidencia De La Plaza;2015;chaco humedo;ciclo completo;575;314;852;277;262;25;46;60;182;;;
Argentina;Chaco;San Fernando;2015;chaco humedo;ciclo completo;575;314;852;277;262;25;46;60;182;;;
Argentina;Chaco;Sargento Cabral;2015;chaco humedo;ciclo completo;575;314;852;277;262;25;46;60;182;;;
Argentina;Chaco;Tapenaga;2015;chaco humedo;ciclo completo;575;314;852;277;262;25;46;60;182;;;
Argentina;Chaco;1 De Mayo;2015;chaco-formosa este;cria;521;280;637;116;241;26;28;60;108;;;
Argentina;Chaco;12 De Octubre;2015;chaco-formosa este;cria;521;280;637;116;241;26;28;60;108;;;
Argentina;Chaco;2 De Abril;2015;chaco-formosa este;cria;521;280;637;116;241;26;28;60;108;;;
Argentina;Chaco;25 De Mayo;2015;chaco-formosa este;cria;521;280;637;116;241;26;28;60;108;;;
Argentina;Chaco;Bermejo;2015;chaco-formosa este;cria;521;280;637;116;241;26;28;60;108;;;
Argentina;Chaco;Comandante Fernandez;2015;chaco-formosa este;cria;521;280;637;116;241;26;28;60;108;;;
Argentina;Chaco;Fray Justo Santa Maria De Oro;2015;chaco-formosa este;cria;521;280;637;116;241;26;28;60;108;;;
Argentina;Chaco;General Donovan;2015;chaco-formosa este;cria;521;280;637;116;241;26;28;60;108;;;
Argentina;Chaco;Independencia;2015;chaco-formosa este;cria;521;280;637;116;241;26;28;60;108;;;
Argentina;Chaco;Libertad;2015;chaco-formosa este;cria;521;280;637;116;241;26;28;60;108;;;
Argentina;Chaco;Libertador General San Martin;2015;chaco-formosa este;cria;521;280;637;116;241;26;28;60;108;;;
Argentina;Chaco;Maipu;2015;chaco-formosa este;cria;521;280;637;116;241;26;28;60;108;;;
Argentina;Chaco;Mayor Luis J Fontana;2015;chaco-formosa este;cria;521;280;637;116;241;26;28;60;108;;;
Argentina;Chaco;O'Higgins;2015;chaco-formosa este;cria;521;280;637;116;241;26;28;60;108;;;
Argentina;Chaco;Quitilipi;2015;chaco-formosa este;cria;521;280;637;116;241;26;28;60;108;;;
Argentina;Chaco;San Lorenzo;2015;chaco-formosa este;cria;521;280;637;116;241;26;28;60;108;;;
Argentina;Formosa;Formosa;2015;chaco-formosa este;cria;521;280;637;116;241;26;28;60;108;;;
Argentina;Formosa;Laishi;2015;chaco-formosa este;cria;521;280;637;116;241;26;28;60;108;;;
Argentina;Formosa;Pilagas;2015;chaco-formosa este;cria;521;280;637;116;241;26;28;60;108;;;
Argentina;Formosa;Pilcomayo;2015;chaco-formosa este;cria;521;280;637;116;241;26;28;60;108;;;
Argentina;Formosa;Pirane;2015;chaco-formosa este;cria;521;280;637;116;241;26;28;60;108;;;
Argentina;Chaco;Almirante Brown;2015;chaco-formosa oeste;cria;346;169;438;92;177;25;19;60;75;;;
Argentina;Chaco;General Guemes;2015;chaco-formosa oeste;cria;346;169;438;92;177;25;19;60;75;;;
Argentina;Formosa;Bermejo;2015;chaco-formosa oeste;cria;346;169;438;92;177;25;19;60;75;;;
Argentina;Formosa;Patiño;2015;chaco-formosa oeste;cria;346;169;438;92;177;25;19;60;75;;;
Argentina;Formosa;Ramon Lista;2015;chaco-formosa oeste;cria;346;169;438;92;177;25;19;60;75;;;
Argentina;Cordoba;Calamuchita;2015;cordoba norte;cria;569;318;669;100;251;31;30;65;95;;;
Argentina;Cordoba;Capital;2015;cordoba norte;cria;569;318;669;100;251;31;30;65;95;;;
Argentina;Cordoba;Colon;2015;cordoba norte;cria;569;318;669;100;251;31;30;65;95;;;
Argentina;Cordoba;Cruz Del Eje;2015;cordoba norte;cria;569;318;669;100;251;31;30;65;95;;;
Argentina;Cordoba;Ischilin;2015;cordoba norte;cria;569;318;669;100;251;31;30;65;95;;;
Argentina;Cordoba;Minas;2015;cordoba norte;cria;569;318;669;100;251;31;30;65;95;;;
Argentina;Cordoba;Pocho;2015;cordoba norte;cria;569;318;669;100;251;31;30;65;95;;;
Argentina;Cordoba;Punilla;2015;cordoba norte;cria;569;318;669;100;251;31;30;65;95;;;
Argentina;Cordoba;Rio Seco;2015;cordoba norte;cria;569;318;669;100;251;31;30;65;95;;;
Argentina;Cordoba;San Alberto;2015;cordoba norte;cria;569;318;669;100;251;31;30;65;95;;;
Argentina;Cordoba;San Javier;2015;cordoba norte;cria;569;318;669;100;251;31;30;65;95;;;
Argentina;Cordoba;Santa Maria;2015;cordoba norte;cria;569;318;669;100;251;31;30;65;95;;;
Argentina;Cordoba;Sobremonte;2015;cordoba norte;cria;569;318;669;100;251;31;30;65;95;;;
Argentina;Cordoba;Totoral;2015;cordoba norte;cria;569;318;669;100;251;31;30;65;95;;;
Argentina;Cordoba;Tulumba;2015;cordoba norte;cria;569;318;669;100;251;31;30;65;95;;;
Argentina;Corrientes;Bella Vista;2015;corrientes noroeste;cria;833;595;965;132;238;25;41;65;162;;;
Argentina;Corrientes;Capital;2015;corrientes noroeste;cria;833;595;965;132;238;25;41;65;162;;;
Argentina;Corrientes;Concepcion;2015;corrientes noroeste;cria;833;595;965;132;238;25;41;65;162;;;
Argentina;Corrientes;Empedrado;2015;corrientes noroeste;cria;833;595;965;132;238;25;41;65;162;;;
Argentina;Corrientes;General Paz;2015;corrientes noroeste;cria;833;595;965;132;238;25;41;65;162;;;
Argentina;Corrientes;Goya;2015;corrientes noroeste;cria;833;595;965;132;238;25;41;65;162;;;
Argentina;Corrientes;Ituzaingo;2015;corrientes noroeste;cria;833;595;965;132;238;25;41;65;162;;;
Argentina;Corrientes;Monte Caseros;2015;corrientes centro sur;cria;1238;1004;1461;223;234;31;63;67;201;;;
Argentina;Corrientes;Saladas;2015;corrientes noroeste;cria;833;595;965;132;238;25;41;65;162;;;
Argentina;Corrientes;San Luis Del Palmar;2015;corrientes noroeste;cria;833;595;965;132;238;25;41;65;162;;;
Argentina;Corrientes;San Miguel;2015;corrientes noroeste;cria;833;595;965;132;238;25;41;65;162;;;
Argentina;Corrientes;San Roque;2015;corrientes noroeste;cria;833;595;965;132;238;25;41;65;162;;;
Argentina;Santa Fe;General Obligado;2015;corrientes noroeste;cria;833;595;965;132;238;25;41;65;162;;;
Argentina;Buenos Aires;25 De Mayo;2015;cuenca del salado;cria;1992;1497;2219;228;495;33;92;72;276;;;
Argentina;Buenos Aires;Adolfo Gonzales Chaves;2015;cuenca del salado;cria;1992;1497;2219;228;495;33;92;72;276;;;
Argentina;Buenos Aires;Ayacucho;2015;cuenca del salado;cria;1992;1497;2219;228;495;33;92;72;276;;;
Argentina;Buenos Aires;Azul;2015;cuenca del salado;cria;1992;1497;2219;228;495;33;92;72;276;;;
Argentina;Buenos Aires;Brandsen;2015;cuenca del salado;cria;1992;1497;2219;228;495;33;92;72;276;;;
Argentina;Buenos Aires;Cañuelas;2015;cuenca del salado;cria;1992;1497;2219;228;495;33;92;72;276;;;
Argentina;Buenos Aires;Castelli;2015;cuenca del salado;cria;1992;1497;2219;228;495;33;92;72;276;;;
Argentina;Buenos Aires;Chascomus;2015;cuenca del salado;cria;1992;1497;2219;228;495;33;92;72;276;;;
Argentina;Buenos Aires;Dolores;2015;cuenca del salado;cria;1992;1497;2219;228;495;33;92;72;276;;;
Argentina;Buenos Aires;General Alvear;2015;cuenca del salado;cria;1992;1497;2219;228;495;33;92;72;276;;;
Argentina;Buenos Aires;General Belgrano;2015;cuenca del salado;cria;1992;1497;2219;228;495;33;92;72;276;;;
Argentina;Buenos Aires;General Guido;2015;cuenca del salado;cria;1992;1497;2219;228;495;33;92;72;276;;;
Argentina;Buenos Aires;General Lamadrid;2015;cuenca del salado;cria;1992;1497;2219;228;495;33;92;72;276;;;
Argentina;Buenos Aires;General Las Heras;2015;cuenca del salado;cria;1992;1497;2219;228;495;33;92;72;276;;;
Argentina;Buenos Aires;General Lavalle;2015;cuenca del salado;cria;1992;1497;2219;228;495;33;92;72;276;;;
Argentina;Buenos Aires;General Juan Madariaga;2015;cuenca del salado;cria;1992;1497;2219;228;495;33;92;72;276;;;
Argentina;Buenos Aires;General Paz;2015;cuenca del salado;cria;1992;1497;2219;228;495;33;92;72;276;;;
Argentina;Buenos Aires;La Plata;2015;cuenca del salado;cria;1992;1497;2219;228;495;33;92;72;276;;;
Argentina;Buenos Aires;Laprida;2015;cuenca del salado;cria;1992;1497;2219;228;495;33;92;72;276;;;
Argentina;Buenos Aires;Las Flores;2015;cuenca del salado;cria;1992;1497;2219;228;495;33;92;72;276;;;
Argentina;Buenos Aires;Lobos;2015;cuenca del salado;cria;1992;1497;2219;228;495;33;92;72;276;;;
Argentina;Buenos Aires;Magdalena;2015;cuenca del salado;cria;1992;1497;2219;228;495;33;92;72;276;;;
Argentina;Buenos Aires;Maipu;2015;cuenca del salado;cria;1992;1497;2219;228;495;33;92;72;276;;;
Argentina;Buenos Aires;Mar Chiquita;2015;cuenca del salado;cria;1992;1497;2219;228;495;33;92;72;276;;;
Argentina;Buenos Aires;Marcos Paz;2015;cuenca del salado;cria;1992;1497;2219;228;495;33;92;72;276;;;
Argentina;Buenos Aires;Monte;2015;cuenca del salado;cria;1992;1497;2219;228;495;33;92;72;276;;;
Argentina;Buenos Aires;Navarro;2015;cuenca del salado;cria;1992;1497;2219;228;495;33;92;72;276;;;
Argentina;Buenos Aires;Olavarria;2015;cuenca del salado;cria;1992;1497;2219;228;495;33;92;72;276;;;
Argentina;Buenos Aires;Pila;2015;cuenca del salado;cria;1992;1497;2219;228;495;33;92;72;276;;;
Argentina;Buenos Aires;Punta Indio;2015;cuenca del salado;cria;1992;1497;2219;228;495;33;92;72;276;;;
Argentina;Buenos Aires;Rauch;2015;cuenca del salado;cria;1992;1497;2219;228;495;33;92;72;276;;;
Argentina;Buenos Aires;Roque Perez;2015;cuenca del salado;cria;1992;1497;2219;228;495;33;92;72;276;;;
Argentina;Buenos Aires;Saladillo;2015;cuenca del salado;cria;1992;1497;2219;228;495;33;92;72;276;;;
Argentina;Buenos Aires;San Vicente;2015;cuenca del salado;cria;1992;1497;2219;228;495;33;92;72;276;;;
Argentina;Buenos Aires;Tapalque;2015;cuenca del salado;cria;1992;1497;2219;228;495;33;92;72;276;;;
Argentina;Buenos Aires;Tordillo;2015;cuenca del salado;cria;1992;1497;2219;228;495;33;92;72;276;;;
Argentina;Entre Rios;Concordia;2015;entre rios norte;cria;1317;953;1524;208;364;34;68;67;204;;;
Argentina;Entre Rios;Federacion;2015;entre rios norte;cria;1317;953;1524;208;364;34;68;67;204;;;
Argentina;Entre Rios;Federal;2015;entre rios norte;cria;1317;953;1524;208;364;34;68;67;204;;;
Argentina;Entre Rios;Feliciano;2015;entre rios norte;cria;1317;953;1524;208;364;34;68;67;204;;;
Argentina;Entre Rios;La Paz;2015;entre rios norte;cria;1317;953;1524;208;364;34;68;67;204;;;
Argentina;Entre Rios;Colon;2015;entre rios sw;invernada;-107;-1299;2036;2143;1192;59;284;-99999;482;;;
Argentina;Entre Rios;Diamante;2015;entre rios sw;invernada;-107;-1299;2036;2143;1192;59;284;-99999;482;;;
Argentina;Entre Rios;Gualeguay;2015;entre rios sw;invernada;-107;-1299;2036;2143;1192;59;284;-99999;482;;;
Argentina;Entre Rios;Gualeguaychu;2015;entre rios sw;invernada;-107;-1299;2036;2143;1192;59;284;-99999;482;;;
Argentina;Entre Rios;Nogoya;2015;entre rios sw;invernada;-107;-1299;2036;2143;1192;59;284;-99999;482;;;
Argentina;Entre Rios;Parana;2015;entre rios sw;invernada;-107;-1299;2036;2143;1192;59;284;-99999;482;;;
Argentina;Entre Rios;San Salvador;2015;entre rios sw;invernada;-107;-1299;2036;2143;1192;59;284;-99999;482;;;
Argentina;Entre Rios;Tala;2015;entre rios sw;invernada;-107;-1299;2036;2143;1192;59;284;-99999;482;;;
Argentina;Entre Rios;Uruguay;2015;entre rios sw;invernada;-107;-1299;2036;2143;1192;59;284;-99999;482;;;
Argentina;Entre Rios;Victoria;2015;entre rios sw;invernada;-107;-1299;2036;2143;1192;59;284;-99999;482;;;
Argentina;Entre Rios;Villaguay;2015;entre rios sw;invernada;-107;-1299;2036;2143;1192;59;284;-99999;482;;;
Argentina;Entre Rios;Islas Del Ibicuy;2015;islas de entre rios 1;invernada;241;60;550;308;181;39;51;-99999;132;;;
Argentina;La Pampa;Caleu Caleu;2015;la pampa-san luis arida;cria;329;241;382;53;87;31;17;65;55;;;
Argentina;La Pampa;Chalileo;2015;la pampa-san luis arida;cria;329;241;382;53;87;31;17;65;55;;;
Argentina;La Pampa;Curaco;2015;la pampa-san luis arida;cria;329;241;382;53;87;31;17;65;55;;;
Argentina;La Pampa;Hucal;2015;la pampa-san luis arida;cria;329;241;382;53;87;31;17;65;55;;;
Argentina;La Pampa;Lihuel Calel;2015;la pampa-san luis arida;cria;329;241;382;53;87;31;17;65;55;;;
Argentina;La Pampa;Limay Mahuida;2015;la pampa-san luis arida;cria;329;241;382;53;87;31;17;65;55;;;
Argentina;La Pampa;Utracan;2015;la pampa-san luis arida;cria;329;241;382;53;87;31;17;65;55;;;
Argentina;San Luis;Ayacucho;2015;la pampa-san luis arida;cria;329;241;382;53;87;31;17;65;55;;;
Argentina;San Luis;Belgrano;2015;la pampa-san luis arida;cria;329;241;382;53;87;31;17;65;55;;;
Argentina;San Luis;Junin;2015;la pampa-san luis arida;cria;329;241;382;53;87;31;17;65;55;;;
Argentina;San Luis;Libertador General San Martin;2015;la pampa-san luis arida;cria;329;241;382;53;87;31;17;65;55;;;
Argentina;La Pampa;Guatrache;2015;la pampa-san luis semiarida;cria;594;465;788;194;129;33;34;70;102;;;
Argentina;La Pampa;Loventue;2015;la pampa-san luis semiarida;cria;594;465;788;194;129;33;34;70;102;;;
Argentina;La Pampa;Toay;2015;la pampa-san luis semiarida;cria;594;465;788;194;129;33;34;70;102;;;
Argentina;San Luis;Chacabuco;2015;la pampa-san luis semiarida;cria;594;465;788;194;129;33;34;70;102;;;
Argentina;San Luis;Coronel Pringles;2015;la pampa-san luis semiarida;cria;594;465;788;194;129;33;34;70;102;;;
Argentina;San Luis;La Capital;2015;la pampa-san luis semiarida;cria;594;465;788;194;129;33;34;70;102;;;
Argentina;Buenos Aires;Adolfo Alsina;2015;pampeana subhumeda;ciclo completo;890;711;1257;367;179;36;63;75;176;;;
Argentina;Buenos Aires;Carlos Tejedor;2015;pampeana subhumeda;ciclo completo;890;711;1257;367;179;36;63;75;176;;;
Argentina;Buenos Aires;General Villegas;2015;pampeana subhumeda;ciclo completo;890;711;1257;367;179;36;63;75;176;;;
Argentina;Buenos Aires;Guamini;2015;pampeana subhumeda;ciclo completo;890;711;1257;367;179;36;63;75;176;;;
Argentina;Buenos Aires;Pellegrini;2015;pampeana subhumeda;invernada;16;-965;1869;1853;980;53;260;-99999;492;;;
Argentina;Buenos Aires;Rivadavia;2015;pampeana subhumeda;invernada;16;-965;1869;1853;980;53;260;-99999;492;;;
Argentina;Buenos Aires;Salliquelo;2015;pampeana subhumeda;invernada;16;-965;1869;1853;980;53;260;-99999;492;;;
Argentina;Buenos Aires;Trenque Lauquen;2015;pampeana subhumeda;ciclo completo;890;711;1257;367;179;36;63;75;176;;;
Argentina;Buenos Aires;Tres Lomas;2015;pampeana subhumeda;invernada;16;-965;1869;1853;980;53;260;-99999;492;;;
Argentina;Cordoba;General Roca;2015;pampeana subhumeda;invernada;16;-965;1869;1853;980;53;260;-99999;492;;;
Argentina;Cordoba;Rio Cuarto;2015;pampeana subhumeda;ciclo completo;890;711;1257;367;179;36;63;75;176;;;
Argentina;La Pampa;Atreuco;2015;pampeana subhumeda;ciclo completo;890;711;1257;367;179;36;63;75;176;;;
Argentina;La Pampa;Capital;2015;pampeana subhumeda;ciclo completo;890;711;1257;367;179;36;63;75;176;;;
Argentina;La Pampa;Catrilo;2015;pampeana subhumeda;invernada;16;-965;1869;1853;980;53;260;-99999;492;;;
Argentina;La Pampa;Chapaleufu;2015;pampeana subhumeda;invernada;16;-965;1869;1853;980;53;260;-99999;492;;;
Argentina;La Pampa;Conhelo;2015;pampeana subhumeda;invernada;16;-965;1869;1853;980;53;260;-99999;492;;;
Argentina;La Pampa;Maraco;2015;pampeana subhumeda;invernada;16;-965;1869;1853;980;53;260;-99999;492;;;
Argentina;La Pampa;Quemu Quemu;2015;pampeana subhumeda;invernada;16;-965;1869;1853;980;53;260;-99999;492;;;
Argentina;La Pampa;Rancul;2015;pampeana subhumeda;invernada;16;-965;1869;1853;980;53;260;-99999;492;;;
Argentina;La Pampa;Realico;2015;pampeana subhumeda;invernada;16;-965;1869;1853;980;53;260;-99999;492;;;
Argentina;La Pampa;Trenel;2015;pampeana subhumeda;invernada;16;-965;1869;1853;980;53;260;-99999;492;;;
Argentina;San Luis;General Pedernera;2015;pampeana subhumeda;ciclo completo;890;711;1257;367;179;36;63;75;176;;;
Argentina;San Luis;Gobernador Dupuy;2015;pampeana subhumeda;ciclo completo;890;711;1257;367;179;36;63;75;176;;;
Argentina;Salta;Cachi;2015;salta;cria;287;143;382;95;144;27;17;55;65;;;
Argentina;Salta;Cafayate;2015;salta;cria;287;143;382;95;144;27;17;55;65;;;
Argentina;Salta;Capital;2015;salta;cria;287;143;382;95;144;27;17;55;65;;;
Argentina;Salta;Cerrillos;2015;salta;cria;287;143;382;95;144;27;17;55;65;;;
Argentina;Salta;General Guemes;2015;salta;cria;287;143;382;95;144;27;17;55;65;;;
Argentina;Salta;General Jose De San Martin;2015;salta;cria;287;143;382;95;144;27;17;55;65;;;
Argentina;Salta;Guachipas;2015;salta;cria;287;143;382;95;144;27;17;55;65;;;
Argentina;Salta;La Caldera;2015;salta;cria;287;143;382;95;144;27;17;55;65;;;
Argentina;Salta;La Candelaria;2015;salta;cria;287;143;382;95;144;27;17;55;65;;;
Argentina;Salta;La Poma;2015;salta;cria;287;143;382;95;144;27;17;55;65;;;
Argentina;Salta;La Viña;2015;salta;cria;287;143;382;95;144;27;17;55;65;;;
Argentina;Salta;Rosario De La Frontera;2015;salta;cria;287;143;382;95;144;27;17;55;65;;;
Argentina;Santa Fe;Belgrano;2015;santa fe centro;invernada;451;-116;794;343;567;40;75;-99999;189;;;
Argentina;Santa Fe;Castellanos;2015;santa fe centro;invernada;451;-116;794;343;567;40;75;-99999;189;;;
Argentina;Santa Fe;Iriondo;2015;santa fe centro;invernada;451;-116;794;343;567;40;75;-99999;189;;;
Argentina;Santa Fe;La Capital;2015;santa fe centro;invernada;451;-116;794;343;567;40;75;-99999;189;;;
Argentina;Santa Fe;Las Colonias;2015;santa fe centro;invernada;451;-116;794;343;567;40;75;-99999;189;;;
Argentina;Santa Fe;Rosario;2015;santa fe centro;invernada;451;-116;794;343;567;40;75;-99999;189;;;
Argentina;Santa Fe;San Cristobal;2015;santa fe centro;invernada;451;-116;794;343;567;40;75;-99999;189;;;
Argentina;Santa Fe;San Jeronimo;2015;santa fe centro;invernada;451;-116;794;343;567;40;75;-99999;189;;;
Argentina;Santa Fe;San Lorenzo;2015;santa fe centro;invernada;451;-116;794;343;567;40;75;-99999;189;;;
Argentina;Santa Fe;San Martin;2015;santa fe centro;invernada;451;-116;794;343;567;40;75;-99999;189;;;
Argentina;Santiago Del Estero;Rivadavia;2015;santa fe centro;invernada;451;-116;794;343;567;40;75;-99999;189;;;
Argentina;Santiago Del Estero;Aguirre;2015;santiago del estero;cria;477;221;609;132;256;29;27;60;94;;;
Argentina;Santiago Del Estero;Atamisqui;2015;santiago del estero;cria;477;221;609;132;256;29;27;60;94;;;
Argentina;Santiago Del Estero;Avellaneda;2015;santiago del estero;cria;477;221;609;132;256;29;27;60;94;;;
Argentina;Santiago Del Estero;Belgrano;2015;santiago del estero;cria;477;221;609;132;256;29;27;60;94;;;
Argentina;Santiago Del Estero;Capital;2015;santiago del estero;cria;477;221;609;132;256;29;27;60;94;;;
Argentina;Santiago Del Estero;Choya;2015;santiago del estero;cria;477;221;609;132;256;29;27;60;94;;;
Argentina;Santiago Del Estero;Figueroa;2015;santiago del estero;cria;477;221;609;132;256;29;27;60;94;;;
Argentina;Santiago Del Estero;Guayasan;2015;santiago del estero;cria;477;221;609;132;256;29;27;60;94;;;
Argentina;Santiago Del Estero;Jimenez;2015;santiago del estero;cria;477;221;609;132;256;29;27;60;94;;;
Argentina;Santiago Del Estero;Juan F. Ibarra;2015;santiago del estero;cria;477;221;609;132;256;29;27;60;94;;;
Argentina;Santiago Del Estero;La Banda;2015;santiago del estero;cria;477;221;609;132;256;29;27;60;94;;;
Argentina;Santiago Del Estero;Loreto;2015;santiago del estero;cria;477;221;609;132;256;29;27;60;94;;;
Argentina;Santiago Del Estero;Mitre;2015;santiago del estero;cria;477;221;609;132;256;29;27;60;94;;;
Argentina;Santiago Del Estero;Ojo De Agua;2015;santiago del estero;cria;477;221;609;132;256;29;27;60;94;;;
Argentina;Santiago Del Estero;Pellegrini;2015;santiago del estero;cria;477;221;609;132;256;29;27;60;94;;;
Argentina;Santiago Del Estero;Quebrachos;2015;santiago del estero;cria;477;221;609;132;256;29;27;60;94;;;
Argentina;Santiago Del Estero;Robles;2015;santiago del estero;cria;477;221;609;132;256;29;27;60;94;;;
Argentina;Santiago Del Estero;Salavina;2015;santiago del estero;cria;477;221;609;132;256;29;27;60;94;;;
Argentina;Santiago Del Estero;San Martin;2015;santiago del estero;cria;477;221;609;132;256;29;27;60;94;;;
Argentina;Santiago Del Estero;Sarmiento;2015;santiago del estero;cria;477;221;609;132;256;29;27;60;94;;;
Argentina;Santiago Del Estero;Silipica;2015;santiago del estero;cria;477;221;609;132;256;29;27;60;94;;;
Argentina;Corrientes;Curuzu Cuatia;2015;corrientes centro sur;cria;1238;1004;1461;223;234;31;63;67;201;;;
Argentina;Corrientes;Mercedes;2015;corrientes centro sur;cria;1238;1004;1461;223;234;31;63;67;201;;;
Argentina;Corrientes;Sauce;2015;corrientes centro sur;cria;1238;1004;1461;223;234;31;63;67;201;;;
Argentina;Buenos Aires;Lezama;2015;cuenca del salado;cria;1992;1497;2219;228;495;33;92;72;276;;;
Argentina;Buenos Aires;Bolivar;2015;buenos aires centro-sudoeste;ciclo completo;1060;370;1912;852;691;36;117;69;323;;;
Argentina;Buenos Aires;Daireaux;2015;buenos aires centro-sudoeste;ciclo completo;1060;370;1912;852;691;36;117;69;323;;;
Argentina;Buenos Aires;Coronel Suarez;2015;buenos aires centro-sudoeste;ciclo completo;1060;370;1912;852;691;36;117;69;323;;;
Argentina;Cordoba;General San Martin;2015;centro cordoba sur;ciclo completo;1380;657;2471;1091;723;40;157;65;397;;;
Argentina;Cordoba;Juarez Celman;2015;centro cordoba sur;ciclo completo;1380;657;2471;1091;723;40;157;65;397;;;
Argentina;Cordoba;Marcos Juarez;2015;centro cordoba sur;ciclo completo;1380;657;2471;1091;723;40;157;65;397;;;
Argentina;Cordoba;Presidente Roque Saenz Peña;2015;centro cordoba sur;ciclo completo;1380;657;2471;1091;723;40;157;65;397;;;
Argentina;Cordoba;Rio Primero;2015;centro cordoba sur;ciclo completo;1380;657;2471;1091;723;40;157;65;397;;;
Argentina;Cordoba;Rio Segundo;2015;centro cordoba sur;ciclo completo;1380;657;2471;1091;723;40;157;65;397;;;
Argentina;Cordoba;San Justo;2015;centro cordoba sur;ciclo completo;1380;657;2471;1091;723;40;157;65;397;;;
Argentina;Cordoba;Tercero Arriba;2015;centro cordoba sur;ciclo completo;1380;657;2471;1091;723;40;157;65;397;;;
Argentina;Cordoba;Union;2015;centro cordoba sur;ciclo completo;1380;657;2471;1091;723;40;157;65;397;;;
Argentina;Chaco;9 De Julio;2015;chaco humedo;ciclo completo;495;253;732;237;243;25;46;60;182;;;
Argentina;Chaco;Chacabuco;2015;chaco humedo;ciclo completo;495;253;732;237;243;25;46;60;182;;;
Argentina;Chaco;General Belgrano;2015;chaco humedo;ciclo completo;495;253;732;237;243;25;46;60;182;;;
Argentina;Chaco;Presidencia De La Plaza;2015;chaco humedo;ciclo completo;495;253;732;237;243;25;46;60;182;;;
Argentina;Chaco;San Fernando;2015;chaco humedo;ciclo completo;495;253;732;237;243;25;46;60;182;;;
Argentina;Chaco;Sargento Cabral;2015;chaco humedo;ciclo completo;495;253;732;237;243;25;46;60;182;;;
Argentina;Chaco;Tapenaga;2015;chaco humedo;ciclo completo;495;253;732;237;243;25;46;60;182;;;
Argentina;Chaco;1 De Mayo;2015;chaco-formosa este;cria;405;180;506;101;225;26;28;60;108;;;
Argentina;Chaco;12 De Octubre;2015;chaco-formosa este;cria;405;180;506;101;225;26;28;60;108;;;
Argentina;Chaco;2 De Abril;2015;chaco-formosa este;cria;405;180;506;101;225;26;28;60;108;;;
Argentina;Chaco;25 De Mayo;2015;chaco-formosa este;cria;405;180;506;101;225;26;28;60;108;;;
Argentina;Chaco;Bermejo;2015;chaco-formosa este;cria;405;180;506;101;225;26;28;60;108;;;
Argentina;Chaco;Comandante Fernandez;2015;chaco-formosa este;cria;405;180;506;101;225;26;28;60;108;;;
Argentina;Chaco;Fray Justo Santa Maria De Oro;2015;chaco-formosa este;cria;405;180;506;101;225;26;28;60;108;;;
Argentina;Chaco;General Donovan;2015;chaco-formosa este;cria;405;180;506;101;225;26;28;60;108;;;
Argentina;Chaco;Independencia;2015;chaco-formosa este;cria;405;180;506;101;225;26;28;60;108;;;
Argentina;Chaco;Libertad;2015;chaco-formosa este;cria;405;180;506;101;225;26;28;60;108;;;
Argentina;Chaco;Libertador General San Martin;2015;chaco-formosa este;cria;405;180;506;101;225;26;28;60;108;;;
Argentina;Chaco;Maipu;2015;chaco-formosa este;cria;405;180;506;101;225;26;28;60;108;;;
Argentina;Chaco;Mayor Luis J Fontana;2015;chaco-formosa este;cria;405;180;506;101;225;26;28;60;108;;;
Argentina;Chaco;O'Higgins;2015;chaco-formosa este;cria;405;180;506;101;225;26;28;60;108;;;
Argentina;Chaco;Quitilipi;2015;chaco-formosa este;cria;405;180;506;101;225;26;28;60;108;;;
Argentina;Chaco;San Lorenzo;2015;chaco-formosa este;cria;405;180;506;101;225;26;28;60;108;;;
Argentina;Formosa;Formosa;2015;chaco-formosa este;cria;405;180;506;101;225;26;28;60;108;;;
Argentina;Formosa;Laishi;2015;chaco-formosa este;cria;405;180;506;101;225;26;28;60;108;;;
Argentina;Formosa;Pilagas;2015;chaco-formosa este;cria;405;180;506;101;225;26;28;60;108;;;
Argentina;Formosa;Pilcomayo;2015;chaco-formosa este;cria;405;180;506;101;225;26;28;60;108;;;
Argentina;Formosa;Pirane;2015;chaco-formosa este;cria;405;180;506;101;225;26;28;60;108;;;
Argentina;Chaco;Almirante Brown;2015;chaco-formosa oeste;cria;265;98;344;79;167;25;19;60;75;;;
Argentina;Chaco;General Guemes;2015;chaco-formosa oeste;cria;265;98;344;79;167;25;19;60;75;;;
Argentina;Formosa;Bermejo;2015;chaco-formosa oeste;cria;265;98;344;79;167;25;19;60;75;;;
Argentina;Formosa;Patiño;2015;chaco-formosa oeste;cria;265;98;344;79;167;25;19;60;75;;;
Argentina;Formosa;Ramon Lista;2015;chaco-formosa oeste;cria;265;98;344;79;167;25;19;60;75;;;
Argentina;Cordoba;Calamuchita;2015;cordoba norte;cria;445;214;532;87;231;31;30;65;95;;;
Argentina;Cordoba;Capital;2015;cordoba norte;cria;445;214;532;87;231;31;30;65;95;;;
Argentina;Cordoba;Colon;2015;cordoba norte;cria;445;214;532;87;231;31;30;65;95;;;
Argentina;Cordoba;Cruz Del Eje;2015;cordoba norte;cria;445;214;532;87;231;31;30;65;95;;;
Argentina;Cordoba;Ischilin;2015;cordoba norte;cria;445;214;532;87;231;31;30;65;95;;;
Argentina;Cordoba;Minas;2015;cordoba norte;cria;445;214;532;87;231;31;30;65;95;;;
Argentina;Cordoba;Pocho;2015;cordoba norte;cria;445;214;532;87;231;31;30;65;95;;;
Argentina;Cordoba;Punilla;2015;cordoba norte;cria;445;214;532;87;231;31;30;65;95;;;
Argentina;Cordoba;Rio Seco;2015;cordoba norte;cria;445;214;532;87;231;31;30;65;95;;;
Argentina;Cordoba;San Alberto;2015;cordoba norte;cria;445;214;532;87;231;31;30;65;95;;;
Argentina;Cordoba;San Javier;2015;cordoba norte;cria;445;214;532;87;231;31;30;65;95;;;
Argentina;Cordoba;Santa Maria;2015;cordoba norte;cria;445;214;532;87;231;31;30;65;95;;;
Argentina;Cordoba;Sobremonte;2015;cordoba norte;cria;445;214;532;87;231;31;30;65;95;;;
Argentina;Cordoba;Totoral;2015;cordoba norte;cria;445;214;532;87;231;31;30;65;95;;;
Argentina;Cordoba;Tulumba;2015;cordoba norte;cria;445;214;532;87;231;31;30;65;95;;;
Argentina;Corrientes;Bella Vista;2015;corrientes noroeste;cria;645;424;760;115;221;25;41;65;162;;;
Argentina;Corrientes;Capital;2015;corrientes noroeste;cria;645;424;760;115;221;25;41;65;162;;;
Argentina;Corrientes;Concepcion;2015;corrientes noroeste;cria;645;424;760;115;221;25;41;65;162;;;
Argentina;Corrientes;Empedrado;2015;corrientes noroeste;cria;645;424;760;115;221;25;41;65;162;;;
Argentina;Corrientes;General Paz;2015;corrientes noroeste;cria;645;424;760;115;221;25;41;65;162;;;
Argentina;Corrientes;Goya;2015;corrientes noroeste;cria;645;424;760;115;221;25;41;65;162;;;
Argentina;Corrientes;Ituzaingo;2015;corrientes noroeste;cria;645;424;760;115;221;25;41;65;162;;;
Argentina;Corrientes;Monte Caseros;2015;corrientes centro sur;cria;951;729;1146;195;222;31;63;67;201;;;
Argentina;Corrientes;Saladas;2015;corrientes noroeste;cria;645;424;760;115;221;25;41;65;162;;;
Argentina;Corrientes;San Luis Del Palmar;2015;corrientes noroeste;cria;645;424;760;115;221;25;41;65;162;;;
Argentina;Corrientes;San Miguel;2015;corrientes noroeste;cria;645;424;760;115;221;25;41;65;162;;;
Argentina;Corrientes;San Roque;2015;corrientes noroeste;cria;645;424;760;115;221;25;41;65;162;;;
Argentina;Santa Fe;General Obligado;2015;corrientes noroeste;cria;645;424;760;115;221;25;41;65;162;;;
Argentina;Buenos Aires;25 De Mayo;2015;cuenca del salado;cria;1524;1058;1727;202;466;33;92;72;276;;;
Argentina;Buenos Aires;Adolfo Gonzales Chaves;2015;cuenca del salado;cria;1524;1058;1727;202;466;33;92;72;276;;;
Argentina;Buenos Aires;Ayacucho;2015;cuenca del salado;cria;1524;1058;1727;202;466;33;92;72;276;;;
Argentina;Buenos Aires;Azul;2015;cuenca del salado;cria;1524;1058;1727;202;466;33;92;72;276;;;
Argentina;Buenos Aires;Brandsen;2015;cuenca del salado;cria;1524;1058;1727;202;466;33;92;72;276;;;
Argentina;Buenos Aires;Cañuelas;2015;cuenca del salado;cria;1524;1058;1727;202;466;33;92;72;276;;;
Argentina;Buenos Aires;Castelli;2015;cuenca del salado;cria;1524;1058;1727;202;466;33;92;72;276;;;
Argentina;Buenos Aires;Chascomus;2015;cuenca del salado;cria;1524;1058;1727;202;466;33;92;72;276;;;
Argentina;Buenos Aires;Dolores;2015;cuenca del salado;cria;1524;1058;1727;202;466;33;92;72;276;;;
Argentina;Buenos Aires;General Alvear;2015;cuenca del salado;cria;1524;1058;1727;202;466;33;92;72;276;;;
Argentina;Buenos Aires;General Belgrano;2015;cuenca del salado;cria;1524;1058;1727;202;466;33;92;72;276;;;
Argentina;Buenos Aires;General Guido;2015;cuenca del salado;cria;1524;1058;1727;202;466;33;92;72;276;;;
Argentina;Buenos Aires;General Lamadrid;2015;cuenca del salado;cria;1524;1058;1727;202;466;33;92;72;276;;;
Argentina;Buenos Aires;General Las Heras;2015;cuenca del salado;cria;1524;1058;1727;202;466;33;92;72;276;;;
Argentina;Buenos Aires;General Lavalle;2015;cuenca del salado;cria;1524;1058;1727;202;466;33;92;72;276;;;
Argentina;Buenos Aires;General Juan Madariaga;2015;cuenca del salado;cria;1524;1058;1727;202;466;33;92;72;276;;;
Argentina;Buenos Aires;General Paz;2015;cuenca del salado;cria;1524;1058;1727;202;466;33;92;72;276;;;
Argentina;Buenos Aires;La Plata;2015;cuenca del salado;cria;1524;1058;1727;202;466;33;92;72;276;;;
Argentina;Buenos Aires;Laprida;2015;cuenca del salado;cria;1524;1058;1727;202;466;33;92;72;276;;;
Argentina;Buenos Aires;Las Flores;2015;cuenca del salado;cria;1524;1058;1727;202;466;33;92;72;276;;;
Argentina;Buenos Aires;Lobos;2015;cuenca del salado;cria;1524;1058;1727;202;466;33;92;72;276;;;
Argentina;Buenos Aires;Magdalena;2015;cuenca del salado;cria;1524;1058;1727;202;466;33;92;72;276;;;
Argentina;Buenos Aires;Maipu;2015;cuenca del salado;cria;1524;1058;1727;202;466;33;92;72;276;;;
Argentina;Buenos Aires;Mar Chiquita;2015;cuenca del salado;cria;1524;1058;1727;202;466;33;92;72;276;;;
Argentina;Buenos Aires;Marcos Paz;2015;cuenca del salado;cria;1524;1058;1727;202;466;33;92;72;276;;;
Argentina;Buenos Aires;Monte;2015;cuenca del salado;cria;1524;1058;1727;202;466;33;92;72;276;;;
Argentina;Buenos Aires;Navarro;2015;cuenca del salado;cria;1524;1058;1727;202;466;33;92;72;276;;;
Argentina;Buenos Aires;Olavarria;2015;cuenca del salado;cria;1524;1058;1727;202;466;33;92;72;276;;;
Argentina;Buenos Aires;Pila;2015;cuenca del salado;cria;1524;1058;1727;202;466;33;92;72;276;;;
Argentina;Buenos Aires;Punta Indio;2015;cuenca del salado;cria;1524;1058;1727;202;466;33;92;72;276;;;
Argentina;Buenos Aires;Rauch;2015;cuenca del salado;cria;1524;1058;1727;202;466;33;92;72;276;;;
Argentina;Buenos Aires;Roque Perez;2015;cuenca del salado;cria;1524;1058;1727;202;466;33;92;72;276;;;
Argentina;Buenos Aires;Saladillo;2015;cuenca del salado;cria;1524;1058;1727;202;466;33;92;72;276;;;
Argentina;Buenos Aires;San Vicente;2015;cuenca del salado;cria;1524;1058;1727;202;466;33;92;72;276;;;
Argentina;Buenos Aires;Tapalque;2015;cuenca del salado;cria;1524;1058;1727;202;466;33;92;72;276;;;
Argentina;Buenos Aires;Tordillo;2015;cuenca del salado;cria;1524;1058;1727;202;466;33;92;72;276;;;
Argentina;Entre Rios;Concordia;2015;entre rios norte;cria;1026;684;1208;182;342;34;68;67;204;;;
Argentina;Entre Rios;Federacion;2015;entre rios norte;cria;1026;684;1208;182;342;34;68;67;204;;;
Argentina;Entre Rios;Federal;2015;entre rios norte;cria;1026;684;1208;182;342;34;68;67;204;;;
Argentina;Entre Rios;Feliciano;2015;entre rios norte;cria;1026;684;1208;182;342;34;68;67;204;;;
Argentina;Entre Rios;La Paz;2015;entre rios norte;cria;1026;684;1208;182;342;34;68;67;204;;;
Argentina;Entre Rios;Colon;2015;entre rios sw;invernada;987;-125;2913;1926;1113;59;284;-99999;482;;;
Argentina;Entre Rios;Diamante;2015;entre rios sw;invernada;987;-125;2913;1926;1113;59;284;-99999;482;;;
Argentina;Entre Rios;Gualeguay;2015;entre rios sw;invernada;987;-125;2913;1926;1113;59;284;-99999;482;;;
Argentina;Entre Rios;Gualeguaychu;2015;entre rios sw;invernada;987;-125;2913;1926;1113;59;284;-99999;482;;;
Argentina;Entre Rios;Nogoya;2015;entre rios sw;invernada;987;-125;2913;1926;1113;59;284;-99999;482;;;
Argentina;Entre Rios;Parana;2015;entre rios sw;invernada;987;-125;2913;1926;1113;59;284;-99999;482;;;
Argentina;Entre Rios;San Salvador;2015;entre rios sw;invernada;987;-125;2913;1926;1113;59;284;-99999;482;;;
Argentina;Entre Rios;Tala;2015;entre rios sw;invernada;987;-125;2913;1926;1113;59;284;-99999;482;;;
Argentina;Entre Rios;Uruguay;2015;entre rios sw;invernada;987;-125;2913;1926;1113;59;284;-99999;482;;;
Argentina;Entre Rios;Victoria;2015;entre rios sw;invernada;987;-125;2913;1926;1113;59;284;-99999;482;;;
Argentina;Entre Rios;Villaguay;2015;entre rios sw;invernada;987;-125;2913;1926;1113;59;284;-99999;482;;;
Argentina;Entre Rios;Islas Del Ibicuy;2015;islas de entre rios 1;invernada;278;110;553;275;168;39;51;-99999;132;;;
Argentina;La Pampa;Caleu Caleu;2015;la pampa-san luis arida;cria;250;169;296;47;81;31;17;65;55;;;
Argentina;La Pampa;Chalileo;2015;la pampa-san luis arida;cria;250;169;296;47;81;31;17;65;55;;;
Argentina;La Pampa;Curaco;2015;la pampa-san luis arida;cria;250;169;296;47;81;31;17;65;55;;;
Argentina;La Pampa;Hucal;2015;la pampa-san luis arida;cria;250;169;296;47;81;31;17;65;55;;;
Argentina;La Pampa;Lihuel Calel;2015;la pampa-san luis arida;cria;250;169;296;47;81;31;17;65;55;;;
Argentina;La Pampa;Limay Mahuida;2015;la pampa-san luis arida;cria;250;169;296;47;81;31;17;65;55;;;
Argentina;La Pampa;Utracan;2015;la pampa-san luis arida;cria;250;169;296;47;81;31;17;65;55;;;
Argentina;San Luis;Ayacucho;2015;la pampa-san luis arida;cria;250;169;296;47;81;31;17;65;55;;;
Argentina;San Luis;Belgrano;2015;la pampa-san luis arida;cria;250;169;296;47;81;31;17;65;55;;;
Argentina;San Luis;Junin;2015;la pampa-san luis arida;cria;250;169;296;47;81;31;17;65;55;;;
Argentina;San Luis;Libertador General San Martin;2015;la pampa-san luis arida;cria;250;169;296;47;81;31;17;65;55;;;
Argentina;La Pampa;Guatrache;2015;la pampa-san luis semiarida;cria;437;317;614;178;120;33;34;70;102;;;
Argentina;La Pampa;Loventue;2015;la pampa-san luis semiarida;cria;437;317;614;178;120;33;34;70;102;;;
Argentina;La Pampa;Toay;2015;la pampa-san luis semiarida;cria;437;317;614;178;120;33;34;70;102;;;
Argentina;San Luis;Chacabuco;2015;la pampa-san luis semiarida;cria;437;317;614;178;120;33;34;70;102;;;
Argentina;San Luis;Coronel Pringles;2015;la pampa-san luis semiarida;cria;437;317;614;178;120;33;34;70;102;;;
Argentina;San Luis;La Capital;2015;la pampa-san luis semiarida;cria;437;317;614;178;120;33;34;70;102;;;
Argentina;Buenos Aires;Adolfo Alsina;2015;pampeana subhumeda;ciclo completo;742;576;1064;322;166;36;63;75;176;;;
Argentina;Buenos Aires;Carlos Tejedor;2015;pampeana subhumeda;ciclo completo;742;576;1064;322;166;36;63;75;176;;;
Argentina;Buenos Aires;General Villegas;2015;pampeana subhumeda;ciclo completo;742;576;1064;322;166;36;63;75;176;;;
Argentina;Buenos Aires;Guamini;2015;pampeana subhumeda;ciclo completo;742;576;1064;322;166;36;63;75;176;;;
Argentina;Buenos Aires;Pellegrini;2015;pampeana subhumeda;invernada;779;-135;2478;1699;914;53;260;-99999;492;;;
Argentina;Buenos Aires;Rivadavia;2015;pampeana subhumeda;invernada;779;-135;2478;1699;914;53;260;-99999;492;;;
Argentina;Buenos Aires;Salliquelo;2015;pampeana subhumeda;invernada;779;-135;2478;1699;914;53;260;-99999;492;;;
Argentina;Buenos Aires;Trenque Lauquen;2015;pampeana subhumeda;ciclo completo;742;576;1064;322;166;36;63;75;176;;;
Argentina;Buenos Aires;Tres Lomas;2015;pampeana subhumeda;invernada;779;-135;2478;1699;914;53;260;-99999;492;;;
Argentina;Cordoba;General Roca;2015;pampeana subhumeda;invernada;779;-135;2478;1699;914;53;260;-99999;492;;;
Argentina;Cordoba;Rio Cuarto;2015;pampeana subhumeda;ciclo completo;742;576;1064;322;166;36;63;75;176;;;
Argentina;La Pampa;Atreuco;2015;pampeana subhumeda;ciclo completo;742;576;1064;322;166;36;63;75;176;;;
Argentina;La Pampa;Capital;2015;pampeana subhumeda;ciclo completo;742;576;1064;322;166;36;63;75;176;;;
Argentina;La Pampa;Catrilo;2015;pampeana subhumeda;invernada;779;-135;2478;1699;914;53;260;-99999;492;;;
Argentina;La Pampa;Chapaleufu;2015;pampeana subhumeda;invernada;779;-135;2478;1699;914;53;260;-99999;492;;;
Argentina;La Pampa;Conhelo;2015;pampeana subhumeda;invernada;779;-135;2478;1699;914;53;260;-99999;492;;;
Argentina;La Pampa;Maraco;2015;pampeana subhumeda;invernada;779;-135;2478;1699;914;53;260;-99999;492;;;
Argentina;La Pampa;Quemu Quemu;2015;pampeana subhumeda;invernada;779;-135;2478;1699;914;53;260;-99999;492;;;
Argentina;La Pampa;Rancul;2015;pampeana subhumeda;invernada;779;-135;2478;1699;914;53;260;-99999;492;;;
Argentina;La Pampa;Realico;2015;pampeana subhumeda;invernada;779;-135;2478;1699;914;53;260;-99999;492;;;
Argentina;La Pampa;Trenel;2015;pampeana subhumeda;invernada;779;-135;2478;1699;914;53;260;-99999;492;;;
Argentina;San Luis;General Pedernera;2015;pampeana subhumeda;ciclo completo;742;576;1064;322;166;36;63;75;176;;;
Argentina;San Luis;Gobernador Dupuy;2015;pampeana subhumeda;ciclo completo;742;576;1064;322;166;36;63;75;176;;;
Argentina;Salta;Cachi;2015;salta;cria;221;85;302;81;136;27;17;55;65;;;
Argentina;Salta;Cafayate;2015;salta;cria;221;85;302;81;136;27;17;55;65;;;
Argentina;Salta;Capital;2015;salta;cria;221;85;302;81;136;27;17;55;65;;;
Argentina;Salta;Cerrillos;2015;salta;cria;221;85;302;81;136;27;17;55;65;;;
Argentina;Salta;General Guemes;2015;salta;cria;221;85;302;81;136;27;17;55;65;;;
Argentina;Salta;General Jose De San Martin;2015;salta;cria;221;85;302;81;136;27;17;55;65;;;
Argentina;Salta;Guachipas;2015;salta;cria;221;85;302;81;136;27;17;55;65;;;
Argentina;Salta;La Caldera;2015;salta;cria;221;85;302;81;136;27;17;55;65;;;
Argentina;Salta;La Candelaria;2015;salta;cria;221;85;302;81;136;27;17;55;65;;;
Argentina;Salta;La Poma;2015;salta;cria;221;85;302;81;136;27;17;55;65;;;
Argentina;Salta;La Viña;2015;salta;cria;221;85;302;81;136;27;17;55;65;;;
Argentina;Salta;Rosario De La Frontera;2015;salta;cria;221;85;302;81;136;27;17;55;65;;;
Argentina;Santa Fe;Belgrano;2015;santa fe centro;invernada;510;-20;815;305;530;40;75;-99999;189;;;
Argentina;Santa Fe;Castellanos;2015;santa fe centro;invernada;510;-20;815;305;530;40;75;-99999;189;;;
Argentina;Santa Fe;Iriondo;2015;santa fe centro;invernada;510;-20;815;305;530;40;75;-99999;189;;;
Argentina;Santa Fe;La Capital;2015;santa fe centro;invernada;510;-20;815;305;530;40;75;-99999;189;;;
Argentina;Santa Fe;Las Colonias;2015;santa fe centro;invernada;510;-20;815;305;530;40;75;-99999;189;;;
Argentina;Santa Fe;Rosario;2015;santa fe centro;invernada;510;-20;815;305;530;40;75;-99999;189;;;
Argentina;Santa Fe;San Cristobal;2015;santa fe centro;invernada;510;-20;815;305;530;40;75;-99999;189;;;
Argentina;Santa Fe;San Jeronimo;2015;santa fe centro;invernada;510;-20;815;305;530;40;75;-99999;189;;;
Argentina;Santa Fe;San Lorenzo;2015;santa fe centro;invernada;510;-20;815;305;530;40;75;-99999;189;;;
Argentina;Santa Fe;San Martin;2015;santa fe centro;invernada;510;-20;815;305;530;40;75;-99999;189;;;
Argentina;Santiago Del Estero;Rivadavia;2015;santa fe centro;invernada;510;-20;815;305;530;40;75;-99999;189;;;
Argentina;Santiago Del Estero;Aguirre;2015;santiago del estero;cria;365;124;478;112;241;29;27;60;94;;;
Argentina;Santiago Del Estero;Atamisqui;2015;santiago del estero;cria;365;124;478;112;241;29;27;60;94;;;
Argentina;Santiago Del Estero;Avellaneda;2015;santiago del estero;cria;365;124;478;112;241;29;27;60;94;;;
Argentina;Santiago Del Estero;Belgrano;2015;santiago del estero;cria;365;124;478;112;241;29;27;60;94;;;
Argentina;Santiago Del Estero;Capital;2015;santiago del estero;cria;365;124;478;112;241;29;27;60;94;;;
Argentina;Santiago Del Estero;Choya;2015;santiago del estero;cria;365;124;478;112;241;29;27;60;94;;;
Argentina;Santiago Del Estero;Figueroa;2015;santiago del estero;cria;365;124;478;112;241;29;27;60;94;;;
Argentina;Santiago Del Estero;Guayasan;2015;santiago del estero;cria;365;124;478;112;241;29;27;60;94;;;
Argentina;Santiago Del Estero;Jimenez;2015;santiago del estero;cria;365;124;478;112;241;29;27;60;94;;;
Argentina;Santiago Del Estero;Juan F. Ibarra;2015;santiago del estero;cria;365;124;478;112;241;29;27;60;94;;;
Argentina;Santiago Del Estero;La Banda;2015;santiago del estero;cria;365;124;478;112;241;29;27;60;94;;;
Argentina;Santiago Del Estero;Loreto;2015;santiago del estero;cria;365;124;478;112;241;29;27;60;94;;;
Argentina;Santiago Del Estero;Mitre;2015;santiago del estero;cria;365;124;478;112;241;29;27;60;94;;;
Argentina;Santiago Del Estero;Ojo De Agua;2015;santiago del estero;cria;365;124;478;112;241;29;27;60;94;;;
Argentina;Santiago Del Estero;Pellegrini;2015;santiago del estero;cria;365;124;478;112;241;29;27;60;94;;;
Argentina;Santiago Del Estero;Quebrachos;2015;santiago del estero;cria;365;124;478;112;241;29;27;60;94;;;
Argentina;Santiago Del Estero;Robles;2015;santiago del estero;cria;365;124;478;112;241;29;27;60;94;;;
Argentina;Santiago Del Estero;Salavina;2015;santiago del estero;cria;365;124;478;112;241;29;27;60;94;;;
Argentina;Santiago Del Estero;San Martin;2015;santiago del estero;cria;365;124;478;112;241;29;27;60;94;;;
Argentina;Santiago Del Estero;Sarmiento;2015;santiago del estero;cria;365;124;478;112;241;29;27;60;94;;;
Argentina;Santiago Del Estero;Silipica;2015;santiago del estero;cria;365;124;478;112;241;29;27;60;94;;;
Argentina;Corrientes;Curuzu Cuatia;2015;corrientes centro sur;cria;951;729;1146;195;222;31;63;67;201;;;
Argentina;Corrientes;Mercedes;2015;corrientes centro sur;cria;951;729;1146;195;222;31;63;67;201;;;
Argentina;Corrientes;Sauce;2015;corrientes centro sur;cria;951;729;1146;195;222;31;63;67;201;;;
Argentina;Buenos Aires;Lezama;2015;cuenca del salado;cria;1524;1058;1727;202;466;33;92;72;276;;;
Argentina;Buenos Aires;Bolivar;2015;buenos aires centro-sudoeste;ciclo completo;909;230;1740;831;678;36;117;69;323;;;
Argentina;Buenos Aires;Daireaux;2015;buenos aires centro-sudoeste;ciclo completo;909;230;1740;831;678;36;117;69;323;;;
Argentina;Buenos Aires;Coronel Suarez;2015;buenos aires centro-sudoeste;ciclo completo;909;230;1740;831;678;36;117;69;323;;;
Argentina;Cordoba;General San Martin;2015;centro cordoba sur;ciclo completo;1173;462;2244;1072;711;40;157;65;397;;;
Argentina;Cordoba;Juarez Celman;2015;centro cordoba sur;ciclo completo;1173;462;2244;1072;711;40;157;65;397;;;
Argentina;Cordoba;Marcos Juarez;2015;centro cordoba sur;ciclo completo;1173;462;2244;1072;711;40;157;65;397;;;
Argentina;Cordoba;Presidente Roque Saenz Peña;2015;centro cordoba sur;ciclo completo;1173;462;2244;1072;711;40;157;65;397;;;
Argentina;Cordoba;Rio Primero;2015;centro cordoba sur;ciclo completo;1173;462;2244;1072;711;40;157;65;397;;;
Argentina;Cordoba;Rio Segundo;2015;centro cordoba sur;ciclo completo;1173;462;2244;1072;711;40;157;65;397;;;
Argentina;Cordoba;San Justo;2015;centro cordoba sur;ciclo completo;1173;462;2244;1072;711;40;157;65;397;;;
Argentina;Cordoba;Tercero Arriba;2015;centro cordoba sur;ciclo completo;1173;462;2244;1072;711;40;157;65;397;;;
Argentina;Cordoba;Union;2015;centro cordoba sur;ciclo completo;1173;462;2244;1072;711;40;157;65;397;;;
Argentina;Chaco;9 De Julio;2015;chaco humedo;ciclo completo;428;188;664;235;240;25;46;60;182;;;
Argentina;Chaco;Chacabuco;2015;chaco humedo;ciclo completo;428;188;664;235;240;25;46;60;182;;;
Argentina;Chaco;General Belgrano;2015;chaco humedo;ciclo completo;428;188;664;235;240;25;46;60;182;;;
Argentina;Chaco;Presidencia De La Plaza;2015;chaco humedo;ciclo completo;428;188;664;235;240;25;46;60;182;;;
Argentina;Chaco;San Fernando;2015;chaco humedo;ciclo completo;428;188;664;235;240;25;46;60;182;;;
Argentina;Chaco;Sargento Cabral;2015;chaco humedo;ciclo completo;428;188;664;235;240;25;46;60;182;;;
Argentina;Chaco;Tapenaga;2015;chaco humedo;ciclo completo;428;188;664;235;240;25;46;60;182;;;
Argentina;Chaco;1 De Mayo;2015;chaco-formosa este;cria;341;119;441;100;223;26;28;60;108;;;
Argentina;Chaco;12 De Octubre;2015;chaco-formosa este;cria;341;119;441;100;223;26;28;60;108;;;
Argentina;Chaco;2 De Abril;2015;chaco-formosa este;cria;341;119;441;100;223;26;28;60;108;;;
Argentina;Chaco;25 De Mayo;2015;chaco-formosa este;cria;341;119;441;100;223;26;28;60;108;;;
Argentina;Chaco;Bermejo;2015;chaco-formosa este;cria;341;119;441;100;223;26;28;60;108;;;
Argentina;Chaco;Comandante Fernandez;2015;chaco-formosa este;cria;341;119;441;100;223;26;28;60;108;;;
Argentina;Chaco;Fray Justo Santa Maria De Oro;2015;chaco-formosa este;cria;341;119;441;100;223;26;28;60;108;;;
Argentina;Chaco;General Donovan;2015;chaco-formosa este;cria;341;119;441;100;223;26;28;60;108;;;
Argentina;Chaco;Independencia;2015;chaco-formosa este;cria;341;119;441;100;223;26;28;60;108;;;
Argentina;Chaco;Libertad;2015;chaco-formosa este;cria;341;119;441;100;223;26;28;60;108;;;
Argentina;Chaco;Libertador General San Martin;2015;chaco-formosa este;cria;341;119;441;100;223;26;28;60;108;;;
Argentina;Chaco;Maipu;2015;chaco-formosa este;cria;341;119;441;100;223;26;28;60;108;;;
Argentina;Chaco;Mayor Luis J Fontana;2015;chaco-formosa este;cria;341;119;441;100;223;26;28;60;108;;;
Argentina;Chaco;O'Higgins;2015;chaco-formosa este;cria;341;119;441;100;223;26;28;60;108;;;
Argentina;Chaco;Quitilipi;2015;chaco-formosa este;cria;341;119;441;100;223;26;28;60;108;;;
Argentina;Chaco;San Lorenzo;2015;chaco-formosa este;cria;341;119;441;100;223;26;28;60;108;;;
Argentina;Formosa;Formosa;2015;chaco-formosa este;cria;341;119;441;100;223;26;28;60;108;;;
Argentina;Formosa;Laishi;2015;chaco-formosa este;cria;341;119;441;100;223;26;28;60;108;;;
Argentina;Formosa;Pilagas;2015;chaco-formosa este;cria;341;119;441;100;223;26;28;60;108;;;
Argentina;Formosa;Pilcomayo;2015;chaco-formosa este;cria;341;119;441;100;223;26;28;60;108;;;
Argentina;Formosa;Pirane;2015;chaco-formosa este;cria;341;119;441;100;223;26;28;60;108;;;
Argentina;Chaco;Almirante Brown;2015;chaco-formosa oeste;cria;222;57;301;79;165;25;19;60;75;;;
Argentina;Chaco;General Guemes;2015;chaco-formosa oeste;cria;222;57;301;79;165;25;19;60;75;;;
Argentina;Formosa;Bermejo;2015;chaco-formosa oeste;cria;222;57;301;79;165;25;19;60;75;;;
Argentina;Formosa;Patiño;2015;chaco-formosa oeste;cria;222;57;301;79;165;25;19;60;75;;;
Argentina;Formosa;Ramon Lista;2015;chaco-formosa oeste;cria;222;57;301;79;165;25;19;60;75;;;
Argentina;Cordoba;Calamuchita;2015;cordoba norte;cria;378;150;464;86;229;31;30;65;95;;;
Argentina;Cordoba;Capital;2015;cordoba norte;cria;378;150;464;86;229;31;30;65;95;;;
Argentina;Cordoba;Colon;2015;cordoba norte;cria;378;150;464;86;229;31;30;65;95;;;
Argentina;Cordoba;Cruz Del Eje;2015;cordoba norte;cria;378;150;464;86;229;31;30;65;95;;;
Argentina;Cordoba;Ischilin;2015;cordoba norte;cria;378;150;464;86;229;31;30;65;95;;;
Argentina;Cordoba;Minas;2015;cordoba norte;cria;378;150;464;86;229;31;30;65;95;;;
Argentina;Cordoba;Pocho;2015;cordoba norte;cria;378;150;464;86;229;31;30;65;95;;;
Argentina;Cordoba;Punilla;2015;cordoba norte;cria;378;150;464;86;229;31;30;65;95;;;
Argentina;Cordoba;Rio Seco;2015;cordoba norte;cria;378;150;464;86;229;31;30;65;95;;;
Argentina;Cordoba;San Alberto;2015;cordoba norte;cria;378;150;464;86;229;31;30;65;95;;;
Argentina;Cordoba;San Javier;2015;cordoba norte;cria;378;150;464;86;229;31;30;65;95;;;
Argentina;Cordoba;Santa Maria;2015;cordoba norte;cria;378;150;464;86;229;31;30;65;95;;;
Argentina;Cordoba;Sobremonte;2015;cordoba norte;cria;378;150;464;86;229;31;30;65;95;;;
Argentina;Cordoba;Totoral;2015;cordoba norte;cria;378;150;464;86;229;31;30;65;95;;;
Argentina;Cordoba;Tulumba;2015;cordoba norte;cria;378;150;464;86;229;31;30;65;95;;;
Argentina;Corrientes;Bella Vista;2015;corrientes noroeste;cria;551;346;665;114;205;25;41;65;162;;;
Argentina;Corrientes;Capital;2015;corrientes noroeste;cria;551;346;665;114;205;25;41;65;162;;;
Argentina;Corrientes;Concepcion;2015;corrientes noroeste;cria;551;346;665;114;205;25;41;65;162;;;
Argentina;Corrientes;Empedrado;2015;corrientes noroeste;cria;551;346;665;114;205;25;41;65;162;;;
Argentina;Corrientes;General Paz;2015;corrientes noroeste;cria;551;346;665;114;205;25;41;65;162;;;
Argentina;Corrientes;Goya;2015;corrientes noroeste;cria;551;346;665;114;205;25;41;65;162;;;
Argentina;Corrientes;Ituzaingo;2015;corrientes noroeste;cria;551;346;665;114;205;25;41;65;162;;;
Argentina;Corrientes;Saladas;2015;corrientes noroeste;cria;551;346;665;114;205;25;41;65;162;;;
Argentina;Corrientes;San Luis Del Palmar;2015;corrientes noroeste;cria;551;346;665;114;205;25;41;65;162;;;
Argentina;Corrientes;San Miguel;2015;corrientes noroeste;cria;551;346;665;114;205;25;41;65;162;;;
Argentina;Corrientes;San Roque;2015;corrientes noroeste;cria;551;346;665;114;205;25;41;65;162;;;
Argentina;Santa Fe;General Obligado;2015;corrientes noroeste;cria;551;346;665;114;205;25;41;65;162;;;
Argentina;Buenos Aires;25 De Mayo;2015;cuenca del salado;cria;1300;841;1499;199;459;33;92;72;276;;;
Argentina;Buenos Aires;Adolfo Gonzales Chaves;2015;cuenca del salado;cria;1300;841;1499;199;459;33;92;72;276;;;
Argentina;Buenos Aires;Ayacucho;2015;cuenca del salado;cria;1300;841;1499;199;459;33;92;72;276;;;
Argentina;Buenos Aires;Azul;2015;cuenca del salado;cria;1300;841;1499;199;459;33;92;72;276;;;
Argentina;Buenos Aires;Brandsen;2015;cuenca del salado;cria;1300;841;1499;199;459;33;92;72;276;;;
Argentina;Buenos Aires;Cañuelas;2015;cuenca del salado;cria;1300;841;1499;199;459;33;92;72;276;;;
Argentina;Buenos Aires;Castelli;2015;cuenca del salado;cria;1300;841;1499;199;459;33;92;72;276;;;
Argentina;Buenos Aires;Chascomus;2015;cuenca del salado;cria;1300;841;1499;199;459;33;92;72;276;;;
Argentina;Buenos Aires;Dolores;2015;cuenca del salado;cria;1300;841;1499;199;459;33;92;72;276;;;
Argentina;Buenos Aires;General Alvear;2015;cuenca del salado;cria;1300;841;1499;199;459;33;92;72;276;;;
Argentina;Buenos Aires;General Belgrano;2015;cuenca del salado;cria;1300;841;1499;199;459;33;92;72;276;;;
Argentina;Buenos Aires;General Guido;2015;cuenca del salado;cria;1300;841;1499;199;459;33;92;72;276;;;
Argentina;Buenos Aires;General Lamadrid;2015;cuenca del salado;cria;1300;841;1499;199;459;33;92;72;276;;;
Argentina;Buenos Aires;General Las Heras;2015;cuenca del salado;cria;1300;841;1499;199;459;33;92;72;276;;;
Argentina;Buenos Aires;General Lavalle;2015;cuenca del salado;cria;1300;841;1499;199;459;33;92;72;276;;;
Argentina;Buenos Aires;General Juan Madariaga;2015;cuenca del salado;cria;1300;841;1499;199;459;33;92;72;276;;;
Argentina;Buenos Aires;General Paz;2015;cuenca del salado;cria;1300;841;1499;199;459;33;92;72;276;;;
Argentina;Buenos Aires;La Plata;2015;cuenca del salado;cria;1300;841;1499;199;459;33;92;72;276;;;
Argentina;Buenos Aires;Laprida;2015;cuenca del salado;cria;1300;841;1499;199;459;33;92;72;276;;;
Argentina;Buenos Aires;Las Flores;2015;cuenca del salado;cria;1300;841;1499;199;459;33;92;72;276;;;
Argentina;Buenos Aires;Lobos;2015;cuenca del salado;cria;1300;841;1499;199;459;33;92;72;276;;;
Argentina;Buenos Aires;Magdalena;2015;cuenca del salado;cria;1300;841;1499;199;459;33;92;72;276;;;
Argentina;Buenos Aires;Maipu;2015;cuenca del salado;cria;1300;841;1499;199;459;33;92;72;276;;;
Argentina;Buenos Aires;Mar Chiquita;2015;cuenca del salado;cria;1300;841;1499;199;459;33;92;72;276;;;
Argentina;Buenos Aires;Marcos Paz;2015;cuenca del salado;cria;1300;841;1499;199;459;33;92;72;276;;;
Argentina;Buenos Aires;Monte;2015;cuenca del salado;cria;1300;841;1499;199;459;33;92;72;276;;;
Argentina;Buenos Aires;Navarro;2015;cuenca del salado;cria;1300;841;1499;199;459;33;92;72;276;;;
Argentina;Buenos Aires;Olavarria;2015;cuenca del salado;cria;1300;841;1499;199;459;33;92;72;276;;;
Argentina;Buenos Aires;Pila;2015;cuenca del salado;cria;1300;841;1499;199;459;33;92;72;276;;;
Argentina;Buenos Aires;Punta Indio;2015;cuenca del salado;cria;1300;841;1499;199;459;33;92;72;276;;;
Argentina;Buenos Aires;Rauch;2015;cuenca del salado;cria;1300;841;1499;199;459;33;92;72;276;;;
Argentina;Buenos Aires;Roque Perez;2015;cuenca del salado;cria;1300;841;1499;199;459;33;92;72;276;;;
Argentina;Buenos Aires;Saladillo;2015;cuenca del salado;cria;1300;841;1499;199;459;33;92;72;276;;;
Argentina;Buenos Aires;San Vicente;2015;cuenca del salado;cria;1300;841;1499;199;459;33;92;72;276;;;
Argentina;Buenos Aires;Tapalque;2015;cuenca del salado;cria;1300;841;1499;199;459;33;92;72;276;;;
Argentina;Buenos Aires;Tordillo;2015;cuenca del salado;cria;1300;841;1499;199;459;33;92;72;276;;;
Argentina;Entre Rios;Concordia;2015;entre rios norte;cria;872;535;1051;179;336;34;68;67;204;;;
Argentina;Entre Rios;Federacion;2015;entre rios norte;cria;872;535;1051;179;336;34;68;67;204;;;
Argentina;Entre Rios;Federal;2015;entre rios norte;cria;872;535;1051;179;336;34;68;67;204;;;
Argentina;Entre Rios;Feliciano;2015;entre rios norte;cria;872;535;1051;179;336;34;68;67;204;;;
Argentina;Entre Rios;La Paz;2015;entre rios norte;cria;872;535;1051;179;336;34;68;67;204;;;
Argentina;Entre Rios;Colon;2015;entre rios sw;invernada;1072;-25;2928;1856;1097;59;284;-99999;482;;;
Argentina;Entre Rios;Diamante;2015;entre rios sw;invernada;1072;-25;2928;1856;1097;59;284;-99999;482;;;
Argentina;Entre Rios;Gualeguay;2015;entre rios sw;invernada;1072;-25;2928;1856;1097;59;284;-99999;482;;;
Argentina;Entre Rios;Gualeguaychu;2015;entre rios sw;invernada;1072;-25;2928;1856;1097;59;284;-99999;482;;;
Argentina;Entre Rios;Nogoya;2015;entre rios sw;invernada;1072;-25;2928;1856;1097;59;284;-99999;482;;;
Argentina;Entre Rios;Parana;2015;entre rios sw;invernada;1072;-25;2928;1856;1097;59;284;-99999;482;;;
Argentina;Entre Rios;San Salvador;2015;entre rios sw;invernada;1072;-25;2928;1856;1097;59;284;-99999;482;;;
Argentina;Entre Rios;Tala;2015;entre rios sw;invernada;1072;-25;2928;1856;1097;59;284;-99999;482;;;
Argentina;Entre Rios;Uruguay;2015;entre rios sw;invernada;1072;-25;2928;1856;1097;59;284;-99999;482;;;
Argentina;Entre Rios;Victoria;2015;entre rios sw;invernada;1072;-25;2928;1856;1097;59;284;-99999;482;;;
Argentina;Entre Rios;Villaguay;2015;entre rios sw;invernada;1072;-25;2928;1856;1097;59;284;-99999;482;;;
Argentina;Entre Rios;Islas Del Ibicuy;2015;islas de entre rios 1;invernada;294;128;555;261;167;39;51;-99999;132;;;
Argentina;La Pampa;Caleu Caleu;2015;la pampa-san luis arida;cria;211;135;257;46;76;31;17;65;55;;;
Argentina;La Pampa;Chalileo;2015;la pampa-san luis arida;cria;211;135;257;46;76;31;17;65;55;;;
Argentina;La Pampa;Curaco;2015;la pampa-san luis arida;cria;211;135;257;46;76;31;17;65;55;;;
Argentina;La Pampa;Hucal;2015;la pampa-san luis arida;cria;211;135;257;46;76;31;17;65;55;;;
Argentina;La Pampa;Lihuel Calel;2015;la pampa-san luis arida;cria;211;135;257;46;76;31;17;65;55;;;
Argentina;La Pampa;Limay Mahuida;2015;la pampa-san luis arida;cria;211;135;257;46;76;31;17;65;55;;;
Argentina;La Pampa;Utracan;2015;la pampa-san luis arida;cria;211;135;257;46;76;31;17;65;55;;;
Argentina;San Luis;Ayacucho;2015;la pampa-san luis arida;cria;211;135;257;46;76;31;17;65;55;;;
Argentina;San Luis;Belgrano;2015;la pampa-san luis arida;cria;211;135;257;46;76;31;17;65;55;;;
Argentina;San Luis;Junin;2015;la pampa-san luis arida;cria;211;135;257;46;76;31;17;65;55;;;
Argentina;San Luis;Libertador General San Martin;2015;la pampa-san luis arida;cria;211;135;257;46;76;31;17;65;55;;;
Argentina;La Pampa;Guatrache;2015;la pampa-san luis semiarida;cria;356;243;533;178;113;33;34;70;102;;;
Argentina;La Pampa;Loventue;2015;la pampa-san luis semiarida;cria;356;243;533;178;113;33;34;70;102;;;
Argentina;La Pampa;Toay;2015;la pampa-san luis semiarida;cria;356;243;533;178;113;33;34;70;102;;;
Argentina;San Luis;Chacabuco;2015;la pampa-san luis semiarida;cria;356;243;533;178;113;33;34;70;102;;;
Argentina;San Luis;Coronel Pringles;2015;la pampa-san luis semiarida;cria;356;243;533;178;113;33;34;70;102;;;
Argentina;San Luis;La Capital;2015;la pampa-san luis semiarida;cria;356;243;533;178;113;33;34;70;102;;;
Argentina;Buenos Aires;Adolfo Alsina;2015;pampeana subhumeda;ciclo completo;639;475;959;321;164;36;63;75;176;;;
Argentina;Buenos Aires;Carlos Tejedor;2015;pampeana subhumeda;ciclo completo;639;475;959;321;164;36;63;75;176;;;
Argentina;Buenos Aires;General Villegas;2015;pampeana subhumeda;ciclo completo;639;475;959;321;164;36;63;75;176;;;
Argentina;Buenos Aires;Guamini;2015;pampeana subhumeda;ciclo completo;639;475;959;321;164;36;63;75;176;;;
Argentina;Buenos Aires;Pellegrini;2015;pampeana subhumeda;invernada;924;24;2542;1617;901;53;260;-99999;492;;;
Argentina;Buenos Aires;Rivadavia;2015;pampeana subhumeda;invernada;924;24;2542;1617;901;53;260;-99999;492;;;
Argentina;Buenos Aires;Salliquelo;2015;pampeana subhumeda;invernada;924;24;2542;1617;901;53;260;-99999;492;;;
Argentina;Buenos Aires;Trenque Lauquen;2015;pampeana subhumeda;ciclo completo;639;475;959;321;164;36;63;75;176;;;
Argentina;Buenos Aires;Tres Lomas;2015;pampeana subhumeda;invernada;924;24;2542;1617;901;53;260;-99999;492;;;
Argentina;Cordoba;General Roca;2015;pampeana subhumeda;invernada;924;24;2542;1617;901;53;260;-99999;492;;;
Argentina;Cordoba;Rio Cuarto;2015;pampeana subhumeda;ciclo completo;639;475;959;321;164;36;63;75;176;;;
Argentina;La Pampa;Atreuco;2015;pampeana subhumeda;ciclo completo;639;475;959;321;164;36;63;75;176;;;
Argentina;La Pampa;Capital;2015;pampeana subhumeda;ciclo completo;639;475;959;321;164;36;63;75;176;;;
Argentina;La Pampa;Catrilo;2015;pampeana subhumeda;invernada;924;24;2542;1617;901;53;260;-99999;492;;;
Argentina;La Pampa;Chapaleufu;2015;pampeana subhumeda;invernada;924;24;2542;1617;901;53;260;-99999;492;;;
Argentina;La Pampa;Conhelo;2015;pampeana subhumeda;invernada;924;24;2542;1617;901;53;260;-99999;492;;;
Argentina;La Pampa;Maraco;2015;pampeana subhumeda;invernada;924;24;2542;1617;901;53;260;-99999;492;;;
Argentina;La Pampa;Quemu Quemu;2015;pampeana subhumeda;invernada;924;24;2542;1617;901;53;260;-99999;492;;;
Argentina;La Pampa;Rancul;2015;pampeana subhumeda;invernada;924;24;2542;1617;901;53;260;-99999;492;;;
Argentina;La Pampa;Realico;2015;pampeana subhumeda;invernada;924;24;2542;1617;901;53;260;-99999;492;;;
Argentina;La Pampa;Trenel;2015;pampeana subhumeda;invernada;924;24;2542;1617;901;53;260;-99999;492;;;
Argentina;San Luis;General Pedernera;2015;pampeana subhumeda;ciclo completo;639;475;959;321;164;36;63;75;176;;;
Argentina;San Luis;Gobernador Dupuy;2015;pampeana subhumeda;ciclo completo;639;475;959;321;164;36;63;75;176;;;
Argentina;Salta;Cachi;2015;salta;cria;182;48;262;81;133;27;17;55;65;;;
Argentina;Salta;Cafayate;2015;salta;cria;182;48;262;81;133;27;17;55;65;;;
Argentina;Salta;Capital;2015;salta;cria;182;48;262;81;133;27;17;55;65;;;
Argentina;Salta;Cerrillos;2015;salta;cria;182;48;262;81;133;27;17;55;65;;;
Argentina;Salta;General Guemes;2015;salta;cria;182;48;262;81;133;27;17;55;65;;;
Argentina;Salta;General Jose De San Martin;2015;salta;cria;182;48;262;81;133;27;17;55;65;;;
Argentina;Salta;Guachipas;2015;salta;cria;182;48;262;81;133;27;17;55;65;;;
Argentina;Salta;La Caldera;2015;salta;cria;182;48;262;81;133;27;17;55;65;;;
Argentina;Salta;La Candelaria;2015;salta;cria;182;48;262;81;133;27;17;55;65;;;
Argentina;Salta;La Poma;2015;salta;cria;182;48;262;81;133;27;17;55;65;;;
Argentina;Salta;La Viña;2015;salta;cria;182;48;262;81;133;27;17;55;65;;;
Argentina;Salta;Rosario De La Frontera;2015;salta;cria;182;48;262;81;133;27;17;55;65;;;
Argentina;Santa Fe;Belgrano;2015;santa fe centro;invernada;528;6;823;295;523;40;75;-99999;189;;;
Argentina;Santa Fe;Castellanos;2015;santa fe centro;invernada;528;6;823;295;523;40;75;-99999;189;;;
Argentina;Santa Fe;Iriondo;2015;santa fe centro;invernada;528;6;823;295;523;40;75;-99999;189;;;
Argentina;Santa Fe;La Capital;2015;santa fe centro;invernada;528;6;823;295;523;40;75;-99999;189;;;
Argentina;Santa Fe;Las Colonias;2015;santa fe centro;invernada;528;6;823;295;523;40;75;-99999;189;;;
Argentina;Santa Fe;Rosario;2015;santa fe centro;invernada;528;6;823;295;523;40;75;-99999;189;;;
Argentina;Santa Fe;San Cristobal;2015;santa fe centro;invernada;528;6;823;295;523;40;75;-99999;189;;;
Argentina;Santa Fe;San Jeronimo;2015;santa fe centro;invernada;528;6;823;295;523;40;75;-99999;189;;;
Argentina;Santa Fe;San Lorenzo;2015;santa fe centro;invernada;528;6;823;295;523;40;75;-99999;189;;;
Argentina;Santa Fe;San Martin;2015;santa fe centro;invernada;528;6;823;295;523;40;75;-99999;189;;;
Argentina;Santiago Del Estero;Rivadavia;2015;santa fe centro;invernada;528;6;823;295;523;40;75;-99999;189;;;
Argentina;Santiago Del Estero;Aguirre;2015;santiago del estero;cria;305;67;417;112;238;29;27;60;94;;;
Argentina;Santiago Del Estero;Atamisqui;2015;santiago del estero;cria;305;67;417;112;238;29;27;60;94;;;
Argentina;Santiago Del Estero;Avellaneda;2015;santiago del estero;cria;305;67;417;112;238;29;27;60;94;;;
Argentina;Santiago Del Estero;Belgrano;2015;santiago del estero;cria;305;67;417;112;238;29;27;60;94;;;
Argentina;Santiago Del Estero;Capital;2015;santiago del estero;cria;305;67;417;112;238;29;27;60;94;;;
Argentina;Santiago Del Estero;Choya;2015;santiago del estero;cria;305;67;417;112;238;29;27;60;94;;;
Argentina;Santiago Del Estero;Figueroa;2015;santiago del estero;cria;305;67;417;112;238;29;27;60;94;;;
Argentina;Santiago Del Estero;Guayasan;2015;santiago del estero;cria;305;67;417;112;238;29;27;60;94;;;
Argentina;Santiago Del Estero;Jimenez;2015;santiago del estero;cria;305;67;417;112;238;29;27;60;94;;;
Argentina;Santiago Del Estero;Juan F. Ibarra;2015;santiago del estero;cria;305;67;417;112;238;29;27;60;94;;;
Argentina;Santiago Del Estero;La Banda;2015;santiago del estero;cria;305;67;417;112;238;29;27;60;94;;;
Argentina;Santiago Del Estero;Loreto;2015;santiago del estero;cria;305;67;417;112;238;29;27;60;94;;;
Argentina;Santiago Del Estero;Mitre;2015;santiago del estero;cria;305;67;417;112;238;29;27;60;94;;;
Argentina;Santiago Del Estero;Ojo De Agua;2015;santiago del estero;cria;305;67;417;112;238;29;27;60;94;;;
Argentina;Santiago Del Estero;Pellegrini;2015;santiago del estero;cria;305;67;417;112;238;29;27;60;94;;;
Argentina;Santiago Del Estero;Quebrachos;2015;santiago del estero;cria;305;67;417;112;238;29;27;60;94;;;
Argentina;Santiago Del Estero;Robles;2015;santiago del estero;cria;305;67;417;112;238;29;27;60;94;;;
Argentina;Santiago Del Estero;Salavina;2015;santiago del estero;cria;305;67;417;112;238;29;27;60;94;;;
Argentina;Santiago Del Estero;San Martin;2015;santiago del estero;cria;305;67;417;112;238;29;27;60;94;;;
Argentina;Santiago Del Estero;Sarmiento;2015;santiago del estero;cria;305;67;417;112;238;29;27;60;94;;;
Argentina;Santiago Del Estero;Silipica;2015;santiago del estero;cria;305;67;417;112;238;29;27;60;94;;;
Argentina;Buenos Aires;Lezama;2015;cuenca del salado;cria;1300;841;1499;199;459;33;92;72;276;;;
Argentina;Buenos Aires;Bolivar;2015;buenos aires centro-sudoeste;ciclo completo;934;268;1748;814;666;36;117;69;323;;;
Argentina;Buenos Aires;Daireaux;2015;buenos aires centro-sudoeste;ciclo completo;934;268;1748;814;666;36;117;69;323;;;
Argentina;Buenos Aires;Coronel Suarez;2015;buenos aires centro-sudoeste;ciclo completo;934;268;1748;814;666;36;117;69;323;;;
Argentina;Cordoba;General San Martin;2015;centro cordoba sur;ciclo completo;1184;485;2255;1071;698;40;157;65;397;;;
Argentina;Cordoba;Juarez Celman;2015;centro cordoba sur;ciclo completo;1184;485;2255;1071;698;40;157;65;397;;;
Argentina;Cordoba;Marcos Juarez;2015;centro cordoba sur;ciclo completo;1184;485;2255;1071;698;40;157;65;397;;;
Argentina;Cordoba;Presidente Roque Saenz Peña;2015;centro cordoba sur;ciclo completo;1184;485;2255;1071;698;40;157;65;397;;;
Argentina;Cordoba;Rio Primero;2015;centro cordoba sur;ciclo completo;1184;485;2255;1071;698;40;157;65;397;;;
Argentina;Cordoba;Rio Segundo;2015;centro cordoba sur;ciclo completo;1184;485;2255;1071;698;40;157;65;397;;;
Argentina;Cordoba;San Justo;2015;centro cordoba sur;ciclo completo;1184;485;2255;1071;698;40;157;65;397;;;
Argentina;Cordoba;Tercero Arriba;2015;centro cordoba sur;ciclo completo;1184;485;2255;1071;698;40;157;65;397;;;
Argentina;Cordoba;Union;2015;centro cordoba sur;ciclo completo;1184;485;2255;1071;698;40;157;65;397;;;
Argentina;Chaco;9 De Julio;2015;chaco humedo;ciclo completo;443;207;671;229;236;25;46;60;182;;;
Argentina;Chaco;Chacabuco;2015;chaco humedo;ciclo completo;443;207;671;229;236;25;46;60;182;;;
Argentina;Chaco;General Belgrano;2015;chaco humedo;ciclo completo;443;207;671;229;236;25;46;60;182;;;
Argentina;Chaco;Presidencia De La Plaza;2015;chaco humedo;ciclo completo;443;207;671;229;236;25;46;60;182;;;
Argentina;Chaco;San Fernando;2015;chaco humedo;ciclo completo;443;207;671;229;236;25;46;60;182;;;
Argentina;Chaco;Sargento Cabral;2015;chaco humedo;ciclo completo;443;207;671;229;236;25;46;60;182;;;
Argentina;Chaco;Tapenaga;2015;chaco humedo;ciclo completo;443;207;671;229;236;25;46;60;182;;;
Argentina;Chaco;1 De Mayo;2015;chaco-formosa este;cria;341;123;437;96;219;26;28;60;108;;;
Argentina;Chaco;12 De Octubre;2015;chaco-formosa este;cria;341;123;437;96;219;26;28;60;108;;;
Argentina;Chaco;2 De Abril;2015;chaco-formosa este;cria;341;123;437;96;219;26;28;60;108;;;
Argentina;Chaco;25 De Mayo;2015;chaco-formosa este;cria;341;123;437;96;219;26;28;60;108;;;
Argentina;Chaco;Bermejo;2015;chaco-formosa este;cria;341;123;437;96;219;26;28;60;108;;;
Argentina;Chaco;Comandante Fernandez;2015;chaco-formosa este;cria;341;123;437;96;219;26;28;60;108;;;
Argentina;Chaco;Fray Justo Santa Maria De Oro;2015;chaco-formosa este;cria;341;123;437;96;219;26;28;60;108;;;
Argentina;Chaco;General Donovan;2015;chaco-formosa este;cria;341;123;437;96;219;26;28;60;108;;;
Argentina;Chaco;Independencia;2015;chaco-formosa este;cria;341;123;437;96;219;26;28;60;108;;;
Argentina;Chaco;Libertad;2015;chaco-formosa este;cria;341;123;437;96;219;26;28;60;108;;;
Argentina;Chaco;Libertador General San Martin;2015;chaco-formosa este;cria;341;123;437;96;219;26;28;60;108;;;
Argentina;Chaco;Maipu;2015;chaco-formosa este;cria;341;123;437;96;219;26;28;60;108;;;
Argentina;Chaco;Mayor Luis J Fontana;2015;chaco-formosa este;cria;341;123;437;96;219;26;28;60;108;;;
Argentina;Chaco;O'Higgins;2015;chaco-formosa este;cria;341;123;437;96;219;26;28;60;108;;;
Argentina;Chaco;Quitilipi;2015;chaco-formosa este;cria;341;123;437;96;219;26;28;60;108;;;
Argentina;Chaco;San Lorenzo;2015;chaco-formosa este;cria;341;123;437;96;219;26;28;60;108;;;
Argentina;Formosa;Formosa;2015;chaco-formosa este;cria;341;123;437;96;219;26;28;60;108;;;
Argentina;Formosa;Laishi;2015;chaco-formosa este;cria;341;123;437;96;219;26;28;60;108;;;
Argentina;Formosa;Pilagas;2015;chaco-formosa este;cria;341;123;437;96;219;26;28;60;108;;;
Argentina;Formosa;Pilcomayo;2015;chaco-formosa este;cria;341;123;437;96;219;26;28;60;108;;;
Argentina;Formosa;Pirane;2015;chaco-formosa este;cria;341;123;437;96;219;26;28;60;108;;;
Argentina;Chaco;Almirante Brown;2015;chaco-formosa oeste;cria;221;58;297;76;162;25;19;60;75;;;
Argentina;Chaco;General Guemes;2015;chaco-formosa oeste;cria;221;58;297;76;162;25;19;60;75;;;
Argentina;Formosa;Bermejo;2015;chaco-formosa oeste;cria;221;58;297;76;162;25;19;60;75;;;
Argentina;Formosa;Patiño;2015;chaco-formosa oeste;cria;221;58;297;76;162;25;19;60;75;;;
Argentina;Formosa;Ramon Lista;2015;chaco-formosa oeste;cria;221;58;297;76;162;25;19;60;75;;;
Argentina;Cordoba;Calamuchita;2015;cordoba norte;cria;377;152;462;86;225;31;30;65;95;;;
Argentina;Cordoba;Capital;2015;cordoba norte;cria;377;152;462;86;225;31;30;65;95;;;
Argentina;Cordoba;Colon;2015;cordoba norte;cria;377;152;462;86;225;31;30;65;95;;;
Argentina;Cordoba;Cruz Del Eje;2015;cordoba norte;cria;377;152;462;86;225;31;30;65;95;;;
Argentina;Cordoba;Ischilin;2015;cordoba norte;cria;377;152;462;86;225;31;30;65;95;;;
Argentina;Cordoba;Minas;2015;cordoba norte;cria;377;152;462;86;225;31;30;65;95;;;
Argentina;Cordoba;Pocho;2015;cordoba norte;cria;377;152;462;86;225;31;30;65;95;;;
Argentina;Cordoba;Punilla;2015;cordoba norte;cria;377;152;462;86;225;31;30;65;95;;;
Argentina;Cordoba;Rio Seco;2015;cordoba norte;cria;377;152;462;86;225;31;30;65;95;;;
Argentina;Cordoba;San Alberto;2015;cordoba norte;cria;377;152;462;86;225;31;30;65;95;;;
Argentina;Cordoba;San Javier;2015;cordoba norte;cria;377;152;462;86;225;31;30;65;95;;;
Argentina;Cordoba;Santa Maria;2015;cordoba norte;cria;377;152;462;86;225;31;30;65;95;;;
Argentina;Cordoba;Sobremonte;2015;cordoba norte;cria;377;152;462;86;225;31;30;65;95;;;
Argentina;Cordoba;Totoral;2015;cordoba norte;cria;377;152;462;86;225;31;30;65;95;;;
Argentina;Cordoba;Tulumba;2015;cordoba norte;cria;377;152;462;86;225;31;30;65;95;;;
Argentina;Corrientes;Bella Vista;2015;corrientes noroeste;cria;547;345;656;109;202;25;41;65;162;;;
Argentina;Corrientes;Capital;2015;corrientes noroeste;cria;547;345;656;109;202;25;41;65;162;;;
Argentina;Corrientes;Concepcion;2015;corrientes noroeste;cria;547;345;656;109;202;25;41;65;162;;;
Argentina;Corrientes;Empedrado;2015;corrientes noroeste;cria;547;345;656;109;202;25;41;65;162;;;
Argentina;Corrientes;General Paz;2015;corrientes noroeste;cria;547;345;656;109;202;25;41;65;162;;;
Argentina;Corrientes;Goya;2015;corrientes noroeste;cria;547;345;656;109;202;25;41;65;162;;;
Argentina;Corrientes;Ituzaingo;2015;corrientes noroeste;cria;547;345;656;109;202;25;41;65;162;;;
Argentina;Corrientes;Saladas;2015;corrientes noroeste;cria;547;345;656;109;202;25;41;65;162;;;
Argentina;Corrientes;San Luis Del Palmar;2015;corrientes noroeste;cria;547;345;656;109;202;25;41;65;162;;;
Argentina;Corrientes;San Miguel;2015;corrientes noroeste;cria;547;345;656;109;202;25;41;65;162;;;
Argentina;Corrientes;San Roque;2015;corrientes noroeste;cria;547;345;656;109;202;25;41;65;162;;;
Argentina;Santa Fe;General Obligado;2015;corrientes noroeste;cria;547;345;656;109;202;25;41;65;162;;;
Argentina;Buenos Aires;25 De Mayo;2015;cuenca del salado;cria;1400;950;1590;189;450;33;92;72;276;;;
Argentina;Buenos Aires;Adolfo Gonzales Chaves;2015;cuenca del salado;cria;1400;950;1590;189;450;33;92;72;276;;;
Argentina;Buenos Aires;Ayacucho;2015;cuenca del salado;cria;1400;950;1590;189;450;33;92;72;276;;;
Argentina;Buenos Aires;Azul;2015;cuenca del salado;cria;1400;950;1590;189;450;33;92;72;276;;;
Argentina;Buenos Aires;Brandsen;2015;cuenca del salado;cria;1400;950;1590;189;450;33;92;72;276;;;
Argentina;Buenos Aires;Cañuelas;2015;cuenca del salado;cria;1400;950;1590;189;450;33;92;72;276;;;
Argentina;Buenos Aires;Castelli;2015;cuenca del salado;cria;1400;950;1590;189;450;33;92;72;276;;;
Argentina;Buenos Aires;Chascomus;2015;cuenca del salado;cria;1400;950;1590;189;450;33;92;72;276;;;
Argentina;Buenos Aires;Dolores;2015;cuenca del salado;cria;1400;950;1590;189;450;33;92;72;276;;;
Argentina;Buenos Aires;General Alvear;2015;cuenca del salado;cria;1400;950;1590;189;450;33;92;72;276;;;
Argentina;Buenos Aires;General Belgrano;2015;cuenca del salado;cria;1400;950;1590;189;450;33;92;72;276;;;
Argentina;Buenos Aires;General Guido;2015;cuenca del salado;cria;1400;950;1590;189;450;33;92;72;276;;;
Argentina;Buenos Aires;General Lamadrid;2015;cuenca del salado;cria;1400;950;1590;189;450;33;92;72;276;;;
Argentina;Buenos Aires;General Las Heras;2015;cuenca del salado;cria;1400;950;1590;189;450;33;92;72;276;;;
Argentina;Buenos Aires;General Lavalle;2015;cuenca del salado;cria;1400;950;1590;189;450;33;92;72;276;;;
Argentina;Buenos Aires;General Juan Madariaga;2015;cuenca del salado;cria;1400;950;1590;189;450;33;92;72;276;;;
Argentina;Buenos Aires;General Paz;2015;cuenca del salado;cria;1400;950;1590;189;450;33;92;72;276;;;
Argentina;Buenos Aires;La Plata;2015;cuenca del salado;cria;1400;950;1590;189;450;33;92;72;276;;;
Argentina;Buenos Aires;Laprida;2015;cuenca del salado;cria;1400;950;1590;189;450;33;92;72;276;;;
Argentina;Buenos Aires;Las Flores;2015;cuenca del salado;cria;1400;950;1590;189;450;33;92;72;276;;;
Argentina;Buenos Aires;Lobos;2015;cuenca del salado;cria;1400;950;1590;189;450;33;92;72;276;;;
Argentina;Buenos Aires;Magdalena;2015;cuenca del salado;cria;1400;950;1590;189;450;33;92;72;276;;;
Argentina;Buenos Aires;Maipu;2015;cuenca del salado;cria;1400;950;1590;189;450;33;92;72;276;;;
Argentina;Buenos Aires;Mar Chiquita;2015;cuenca del salado;cria;1400;950;1590;189;450;33;92;72;276;;;
Argentina;Buenos Aires;Marcos Paz;2015;cuenca del salado;cria;1400;950;1590;189;450;33;92;72;276;;;
Argentina;Buenos Aires;Monte;2015;cuenca del salado;cria;1400;950;1590;189;450;33;92;72;276;;;
Argentina;Buenos Aires;Navarro;2015;cuenca del salado;cria;1400;950;1590;189;450;33;92;72;276;;;
Argentina;Buenos Aires;Olavarria;2015;cuenca del salado;cria;1400;950;1590;189;450;33;92;72;276;;;
Argentina;Buenos Aires;Pila;2015;cuenca del salado;cria;1400;950;1590;189;450;33;92;72;276;;;
Argentina;Buenos Aires;Punta Indio;2015;cuenca del salado;cria;1400;950;1590;189;450;33;92;72;276;;;
Argentina;Buenos Aires;Rauch;2015;cuenca del salado;cria;1400;950;1590;189;450;33;92;72;276;;;
Argentina;Buenos Aires;Roque Perez;2015;cuenca del salado;cria;1400;950;1590;189;450;33;92;72;276;;;
Argentina;Buenos Aires;Saladillo;2015;cuenca del salado;cria;1400;950;1590;189;450;33;92;72;276;;;
Argentina;Buenos Aires;San Vicente;2015;cuenca del salado;cria;1400;950;1590;189;450;33;92;72;276;;;
Argentina;Buenos Aires;Tapalque;2015;cuenca del salado;cria;1400;950;1590;189;450;33;92;72;276;;;
Argentina;Buenos Aires;Tordillo;2015;cuenca del salado;cria;1400;950;1590;189;450;33;92;72;276;;;
Argentina;Entre Rios;Concordia;2015;entre rios norte;cria;860;529;1045;185;330;34;68;67;204;;;
Argentina;Entre Rios;Federacion;2015;entre rios norte;cria;860;529;1045;185;330;34;68;67;204;;;
Argentina;Entre Rios;Federal;2015;entre rios norte;cria;860;529;1045;185;330;34;68;67;204;;;
Argentina;Entre Rios;Feliciano;2015;entre rios norte;cria;860;529;1045;185;330;34;68;67;204;;;
Argentina;Entre Rios;La Paz;2015;entre rios norte;cria;860;529;1045;185;330;34;68;67;204;;;
Argentina;Entre Rios;Colon;2015;entre rios sw;invernada;644;-437;2920;2276;1080;55;266;-99999;482;;;
Argentina;Entre Rios;Diamante;2015;entre rios sw;invernada;644;-437;2920;2276;1080;55;266;-99999;482;;;
Argentina;Entre Rios;Gualeguay;2015;entre rios sw;invernada;644;-437;2920;2276;1080;55;266;-99999;482;;;
Argentina;Entre Rios;Gualeguaychu;2015;entre rios sw;invernada;644;-437;2920;2276;1080;55;266;-99999;482;;;
Argentina;Entre Rios;Nogoya;2015;entre rios sw;invernada;644;-437;2920;2276;1080;55;266;-99999;482;;;
Argentina;Entre Rios;Parana;2015;entre rios sw;invernada;644;-437;2920;2276;1080;55;266;-99999;482;;;
Argentina;Entre Rios;San Salvador;2015;entre rios sw;invernada;644;-437;2920;2276;1080;55;266;-99999;482;;;
Argentina;Entre Rios;Tala;2015;entre rios sw;invernada;644;-437;2920;2276;1080;55;266;-99999;482;;;
Argentina;Entre Rios;Uruguay;2015;entre rios sw;invernada;644;-437;2920;2276;1080;55;266;-99999;482;;;
Argentina;Entre Rios;Victoria;2015;entre rios sw;invernada;644;-437;2920;2276;1080;55;266;-99999;482;;;
Argentina;Entre Rios;Villaguay;2015;entre rios sw;invernada;644;-437;2920;2276;1080;55;266;-99999;482;;;
Argentina;Entre Rios;Islas Del Ibicuy;2015;islas de entre rios 1;invernada;299;134;569;270;164;39;51;-99999;132;;;
Argentina;La Pampa;Caleu Caleu;2015;la pampa-san luis arida;cria;226;152;274;47;75;31;17;65;55;;;
Argentina;La Pampa;Chalileo;2015;la pampa-san luis arida;cria;226;152;274;47;75;31;17;65;55;;;
Argentina;La Pampa;Curaco;2015;la pampa-san luis arida;cria;226;152;274;47;75;31;17;65;55;;;
Argentina;La Pampa;Hucal;2015;la pampa-san luis arida;cria;226;152;274;47;75;31;17;65;55;;;
Argentina;La Pampa;Lihuel Calel;2015;la pampa-san luis arida;cria;226;152;274;47;75;31;17;65;55;;;
Argentina;La Pampa;Limay Mahuida;2015;la pampa-san luis arida;cria;226;152;274;47;75;31;17;65;55;;;
Argentina;La Pampa;Utracan;2015;la pampa-san luis arida;cria;226;152;274;47;75;31;17;65;55;;;
Argentina;San Luis;Ayacucho;2015;la pampa-san luis arida;cria;226;152;274;47;75;31;17;65;55;;;
Argentina;San Luis;Belgrano;2015;la pampa-san luis arida;cria;226;152;274;47;75;31;17;65;55;;;
Argentina;San Luis;Junin;2015;la pampa-san luis arida;cria;226;152;274;47;75;31;17;65;55;;;
Argentina;San Luis;Libertador General San Martin;2015;la pampa-san luis arida;cria;226;152;274;47;75;31;17;65;55;;;
Argentina;La Pampa;Guatrache;2015;la pampa-san luis semiarida;cria;390;279;567;178;111;33;34;70;102;;;
Argentina;La Pampa;Loventue;2015;la pampa-san luis semiarida;cria;390;279;567;178;111;33;34;70;102;;;
Argentina;La Pampa;Toay;2015;la pampa-san luis semiarida;cria;390;279;567;178;111;33;34;70;102;;;
Argentina;San Luis;Chacabuco;2015;la pampa-san luis semiarida;cria;390;279;567;178;111;33;34;70;102;;;
Argentina;San Luis;Coronel Pringles;2015;la pampa-san luis semiarida;cria;390;279;567;178;111;33;34;70;102;;;
Argentina;San Luis;La Capital;2015;la pampa-san luis semiarida;cria;390;279;567;178;111;33;34;70;102;;;
Argentina;Buenos Aires;Adolfo Alsina;2015;pampeana subhumeda;ciclo completo;662;501;976;314;161;36;63;75;176;;;
Argentina;Buenos Aires;Carlos Tejedor;2015;pampeana subhumeda;ciclo completo;662;501;976;314;161;36;63;75;176;;;
Argentina;Buenos Aires;General Villegas;2015;pampeana subhumeda;ciclo completo;662;501;976;314;161;36;63;75;176;;;
Argentina;Buenos Aires;Guamini;2015;pampeana subhumeda;ciclo completo;662;501;976;314;161;36;63;75;176;;;
Argentina;Buenos Aires;Pellegrini;2015;pampeana subhumeda;invernada;402;-485;2039;1637;887;53;260;-99999;492;;;
Argentina;Buenos Aires;Rivadavia;2015;pampeana subhumeda;invernada;402;-485;2039;1637;887;53;260;-99999;492;;;
Argentina;Buenos Aires;Salliquelo;2015;pampeana subhumeda;invernada;402;-485;2039;1637;887;53;260;-99999;492;;;
Argentina;Buenos Aires;Trenque Lauquen;2015;pampeana subhumeda;ciclo completo;662;501;976;314;161;36;63;75;176;;;
Argentina;Buenos Aires;Tres Lomas;2015;pampeana subhumeda;invernada;402;-485;2039;1637;887;53;260;-99999;492;;;
Argentina;Cordoba;General Roca;2015;pampeana subhumeda;invernada;402;-485;2039;1637;887;53;260;-99999;492;;;
Argentina;Cordoba;Rio Cuarto;2015;pampeana subhumeda;ciclo completo;662;501;976;314;161;36;63;75;176;;;
Argentina;La Pampa;Atreuco;2015;pampeana subhumeda;ciclo completo;662;501;976;314;161;36;63;75;176;;;
Argentina;La Pampa;Capital;2015;pampeana subhumeda;ciclo completo;662;501;976;314;161;36;63;75;176;;;
Argentina;La Pampa;Catrilo;2015;pampeana subhumeda;invernada;402;-485;2039;1637;887;53;260;-99999;492;;;
Argentina;La Pampa;Chapaleufu;2015;pampeana subhumeda;invernada;402;-485;2039;1637;887;53;260;-99999;492;;;
Argentina;La Pampa;Conhelo;2015;pampeana subhumeda;invernada;402;-485;2039;1637;887;53;260;-99999;492;;;
Argentina;La Pampa;Maraco;2015;pampeana subhumeda;invernada;402;-485;2039;1637;887;53;260;-99999;492;;;
Argentina;La Pampa;Quemu Quemu;2015;pampeana subhumeda;invernada;402;-485;2039;1637;887;53;260;-99999;492;;;
Argentina;La Pampa;Rancul;2015;pampeana subhumeda;invernada;402;-485;2039;1637;887;53;260;-99999;492;;;
Argentina;La Pampa;Realico;2015;pampeana subhumeda;invernada;402;-485;2039;1637;887;53;260;-99999;492;;;
Argentina;La Pampa;Trenel;2015;pampeana subhumeda;invernada;402;-485;2039;1637;887;53;260;-99999;492;;;
Argentina;San Luis;General Pedernera;2015;pampeana subhumeda;ciclo completo;662;501;976;314;161;36;63;75;176;;;
Argentina;San Luis;Gobernador Dupuy;2015;pampeana subhumeda;ciclo completo;662;501;976;314;161;36;63;75;176;;;
Argentina;Salta;Cachi;2015;salta;cria;182;51;261;79;131;27;17;55;65;;;
Argentina;Salta;Cafayate;2015;salta;cria;182;51;261;79;131;27;17;55;65;;;
Argentina;Salta;Capital;2015;salta;cria;182;51;261;79;131;27;17;55;65;;;
Argentina;Salta;Cerrillos;2015;salta;cria;182;51;261;79;131;27;17;55;65;;;
Argentina;Salta;General Guemes;2015;salta;cria;182;51;261;79;131;27;17;55;65;;;
Argentina;Salta;General Jose De San Martin;2015;salta;cria;182;51;261;79;131;27;17;55;65;;;
Argentina;Salta;Guachipas;2015;salta;cria;182;51;261;79;131;27;17;55;65;;;
Argentina;Salta;La Caldera;2015;salta;cria;182;51;261;79;131;27;17;55;65;;;
Argentina;Salta;La Candelaria;2015;salta;cria;182;51;261;79;131;27;17;55;65;;;
Argentina;Salta;La Poma;2015;salta;cria;182;51;261;79;131;27;17;55;65;;;
Argentina;Salta;La Viña;2015;salta;cria;182;51;261;79;131;27;17;55;65;;;
Argentina;Salta;Rosario De La Frontera;2015;salta;cria;182;51;261;79;131;27;17;55;65;;;
Argentina;Santa Fe;Belgrano;2015;santa fe centro;invernada;527;13;850;323;514;40;75;-99999;189;;;
Argentina;Santa Fe;Castellanos;2015;santa fe centro;invernada;527;13;850;323;514;40;75;-99999;189;;;
Argentina;Santa Fe;Iriondo;2015;santa fe centro;invernada;527;13;850;323;514;40;75;-99999;189;;;
Argentina;Santa Fe;La Capital;2015;santa fe centro;invernada;527;13;850;323;514;40;75;-99999;189;;;
Argentina;Santa Fe;Las Colonias;2015;santa fe centro;invernada;527;13;850;323;514;40;75;-99999;189;;;
Argentina;Santa Fe;Rosario;2015;santa fe centro;invernada;527;13;850;323;514;40;75;-99999;189;;;
Argentina;Santa Fe;San Cristobal;2015;santa fe centro;invernada;527;13;850;323;514;40;75;-99999;189;;;
Argentina;Santa Fe;San Jeronimo;2015;santa fe centro;invernada;527;13;850;323;514;40;75;-99999;189;;;
Argentina;Santa Fe;San Lorenzo;2015;santa fe centro;invernada;527;13;850;323;514;40;75;-99999;189;;;
Argentina;Santa Fe;San Martin;2015;santa fe centro;invernada;527;13;850;323;514;40;75;-99999;189;;;
Argentina;Santiago Del Estero;Rivadavia;2015;santa fe centro;invernada;527;13;850;323;514;40;75;-99999;189;;;
Argentina;Santiago Del Estero;Aguirre;2015;santiago del estero;cria;303;69;412;109;234;29;27;60;94;;;
Argentina;Santiago Del Estero;Atamisqui;2015;santiago del estero;cria;303;69;412;109;234;29;27;60;94;;;
Argentina;Santiago Del Estero;Avellaneda;2015;santiago del estero;cria;303;69;412;109;234;29;27;60;94;;;
Argentina;Santiago Del Estero;Belgrano;2015;santiago del estero;cria;303;69;412;109;234;29;27;60;94;;;
Argentina;Santiago Del Estero;Capital;2015;santiago del estero;cria;303;69;412;109;234;29;27;60;94;;;
Argentina;Santiago Del Estero;Choya;2015;santiago del estero;cria;303;69;412;109;234;29;27;60;94;;;
Argentina;Santiago Del Estero;Figueroa;2015;santiago del estero;cria;303;69;412;109;234;29;27;60;94;;;
Argentina;Santiago Del Estero;Guayasan;2015;santiago del estero;cria;303;69;412;109;234;29;27;60;94;;;
Argentina;Santiago Del Estero;Jimenez;2015;santiago del estero;cria;303;69;412;109;234;29;27;60;94;;;
Argentina;Santiago Del Estero;Juan F. Ibarra;2015;santiago del estero;cria;303;69;412;109;234;29;27;60;94;;;
Argentina;Santiago Del Estero;La Banda;2015;santiago del estero;cria;303;69;412;109;234;29;27;60;94;;;
Argentina;Santiago Del Estero;Loreto;2015;santiago del estero;cria;303;69;412;109;234;29;27;60;94;;;
Argentina;Santiago Del Estero;Mitre;2015;santiago del estero;cria;303;69;412;109;234;29;27;60;94;;;
Argentina;Santiago Del Estero;Ojo De Agua;2015;santiago del estero;cria;303;69;412;109;234;29;27;60;94;;;
Argentina;Santiago Del Estero;Pellegrini;2015;santiago del estero;cria;303;69;412;109;234;29;27;60;94;;;
Argentina;Santiago Del Estero;Quebrachos;2015;santiago del estero;cria;303;69;412;109;234;29;27;60;94;;;
Argentina;Santiago Del Estero;Robles;2015;santiago del estero;cria;303;69;412;109;234;29;27;60;94;;;
Argentina;Santiago Del Estero;Salavina;2015;santiago del estero;cria;303;69;412;109;234;29;27;60;94;;;
Argentina;Santiago Del Estero;San Martin;2015;santiago del estero;cria;303;69;412;109;234;29;27;60;94;;;
Argentina;Santiago Del Estero;Sarmiento;2015;santiago del estero;cria;303;69;412;109;234;29;27;60;94;;;
Argentina;Santiago Del Estero;Silipica;2015;santiago del estero;cria;303;69;412;109;234;29;27;60;94;;;
Argentina;Buenos Aires;Lezama;2015;cuenca del salado;cria;1400;950;1590;189;450;33;92;72;276;;;
